365 3718
28 262 2
262 300 4
28 125 2
119 262 6
125 208 5
125 150 0
226 262 7
150 246 14
34 246 13
34 273 9
194 300 14
118 194 13
125 314 13
28 81 10
81 335 12
81 327 7
54 119 10
239 300 8
226 321 2
250 273 8
150 336 15
34 215 13
141 321 11
31 314 6
173 250 3
173 342 6
165 246 9
187 300 15
215 337 10
68 119 14
20 215 1
68 104 5
55 300 13
115 335 7
128 337 0
208 214 8
187 317 13
207 337 7
292 342 9
208 322 2
230 262 13
35 165 14
166 273 12
79 166 13
31 354 6
192 300 11
104 357 10
68 210 3
166 306 4
246 289 6
20 333 10
278 327 10
217 322 1
246 307 14
112 333 10
165 232 15
162 357 4
70 314 0
150 288 0
147 322 7
127 128 10
102 307 0
102 179 7
54 324 11
94 210 14
203 239 12
210 355 8
55 103 15
93 288 12
194 351 2
103 186 0
89 125 11
299 333 6
22 210 8
125 198 8
81 211 5
173 202 2
70 340 12
187 341 13
35 189 9
11 187 12
35 149 2
177 336 1
186 331 9
25 278 0
201 342 2
238 355 1
237 340 7
94 216 5
129 211 12
22 253 15
286 341 9
128 255 2
114 162 6
258 292 14
141 148 15
134 208 5
189 248 8
109 317 10
134 197 6
169 207 5
146 324 14
69 354 2
282 300 6
31 243 5
149 283 3
100 239 1
79 316 3
139 324 14
197 240 5
84 232 12
306 313 11
40 125 14
342 359 11
99 250 10
187 318 8
114 157 14
127 361 6
138 166 1
26 112 1
252 299 6
103 236 9
119 275 10
233 306 10
126 273 3
64 147 5
163 316 5
204 316 15
218 357 9
63 255 11
28 178 1
197 319 0
75 109 13
99 174 0
127 199 2
204 244 0
238 276 7
19 103 8
277 342 8
27 283 10
106 278 6
279 337 10
168 192 13
10 337 2
110 288 2
242 321 14
26 347 9
2 114 9
182 197 3
245 262 11
32 84 11
67 318 8
31 180 2
152 347 15
42 275 1
231 253 5
150 176 13
122 307 1
70 184 6
106 196 0
249 250 10
3 104 13
231 330 0
305 331 15
11 229 4
292 362 2
180 295 0
39 273 1
141 328 9
143 292 3
78 314 13
2 12 5
159 169 6
42 350 14
238 297 3
61 276 14
137 215 3
58 316 2
5 330 5
223 253 5
117 177 8
178 312 9
226 360 9
319 363 9
217 285 6
253 260 7
6 330 15
128 296 13
234 236 10
183 253 2
1 245 6
41 100 0
51 112 15
95 128 12
109 200 12
163 339 0
8 277 8
211 266 1
56 217 7
112 220 14
5 298 2
5 219 15
194 346 14
44 252 6
161 283 13
73 214 13
92 258 10
227 292 8
90 106 6
128 235 0
243 323 14
100 280 7
91 255 12
140 282 15
37 56 1
18 200 3
306 356 1
197 301 12
88 245 11
151 360 1
4 44 5
208 365 12
48 347 6
112 303 6
4 144 1
91 190 4
152 172 14
212 282 15
5 50 10
197 268 4
68 74 14
82 300 3
12 304 9
33 212 5
120 357 15
59 190 10
98 316 9
175 283 2
287 318 4
79 294 7
64 96 4
185 204 6
77 144 14
72 356 13
107 299 8
186 225 8
292 310 11
11 158 4
97 342 1
257 350 6
111 276 11
206 288 5
65 120 4
87 137 15
100 254 8
24 92 6
272 317 13
130 282 1
30 246 6
9 94 11
7 208 12
1 364 1
85 206 14
16 327 15
105 327 4
169 256 0
201 315 1
165 265 12
113 305 11
43 258 8
36 165 9
80 113 2
191 347 10
206 352 0
142 187 5
18 53 13
228 239 5
181 218 5
130 154 7
37 205 9
57 84 3
60 321 11
237 320 11
44 261 11
46 99 2
14 175 9
24 284 0
213 282 7
66 255 9
21 225 5
23 233 3
156 276 9
254 343 8
15 179 12
16 308 3
253 344 5
182 264 7
47 330 10
14 171 12
136 295 14
71 157 8
34 309 14
34 62 7
13 144 1
291 363 12
153 283 3
334 339 8
160 343 9
224 313 5
336 353 9
348 365 12
248 326 1
344 349 5
184 293 2
124 322 0
11 311 13
18 131 8
17 37 5
40 76 5
241 318 14
57 271 14
101 311 11
15 329 8
270 304 1
127 222 4
55 358 2
145 179 9
195 287 12
154 247 4
164 250 11
209 245 3
31 52 12
123 177 15
38 349 5
86 180 5
96 263 4
160 251 5
128 133 6
332 355 5
125 221 3
116 360 11
167 181 5
23 121 10
13 188 2
29 219 14
248 259 11
145 281 14
269 363 8
147 274 10
135 208 6
137 325 2
132 237 12
45 185 4
83 121 10
225 267 14
336 338 9
108 256 5
138 345 11
70 193 0
232 290 14
49 62 1
132 170 11
127 155 14
289 302 13
154 318 15
313 363 7
209 345 3
320 328 6
315 354 8
176 279 7
160 195 14
11 249 5
147 331 4
8 184 9
186 327 2
13 48 6
247 317 13
180 324 5
294 335 10
31 122 5
118 210 8
105 151 0
30 124 5
341 343 15
171 317 5
105 182 0
87 278 14
121 145 14
261 312 0
312 330 6
24 139 0
276 317 5
296 352 6
300 319 13
274 333 14
133 315 12
276 331 10
83 359 14
2 181 8
29 195 5
171 258 1
63 234 4
300 304 8
300 301 6
302 345 15
46 161 11
183 219 4
284 312 1
195 216 3
327 336 7
289 362 15
181 309 8
175 274 0
113 336 15
166 214 11
333 345 6
110 362 12
111 158 11
212 221 8
228 242 3
201 351 0
189 355 2
178 232 2
262 288 15
213 244 8
42 94 13
243 365 4
288 316 1
214 245 9
179 307 4
229 278 12
232 310 12
72 331 10
338 357 0
247 299 3
116 179 15
279 363 7
266 357 9
5 161 2
3 126 5
103 268 8
239 256 0
32 355 2
324 356 6
192 266 0
58 244 14
104 166 8
26 247 15
170 211 8
100 343 10
84 218 10
72 363 8
149 330 13
43 187 2
159 302 14
259 298 0
14 117 13
32 121 14
133 137 11
129 270 8
357 359 5
111 292 10
100 131 14
225 279 5
322 330 2
351 354 11
68 297 4
71 138 0
276 297 13
232 242 5
40 329 9
103 316 7
57 152 13
14 185 0
87 355 0
227 357 15
224 268 14
117 300 11
74 269 7
319 333 5
252 322 12
297 352 2
254 296 8
226 266 9
127 235 5
250 314 14
153 220 7
327 357 4
354 363 11
351 358 0
168 235 5
357 360 10
48 239 3
68 301 9
338 358 6
20 91 15
214 285 1
342 355 6
234 256 15
326 345 15
358 359 6
183 334 15
322 339 8
87 208 12
361 362 15
332 357 14
146 157 6
19 134 13
275 310 1
75 356 2
239 365 11
262 327 5
309 341 3
4 102 14
197 327 3
82 247 12
302 317 9
71 91 10
53 317 0
174 263 1
318 323 11
39 155 8
40 213 1
209 321 5
214 272 14
261 301 13
40 77 2
115 208 1
20 345 8
309 357 2
344 363 7
36 82 12
82 108 4
6 148 14
181 317 9
288 290 10
101 191 11
264 286 9
93 360 14
211 287 14
278 323 11
50 196 13
356 365 7
216 219 4
110 337 10
263 270 10
111 145 9
76 147 0
64 86 7
164 239 4
148 223 7
244 356 15
328 361 6
304 342 3
187 270 5
2 157 12
212 353 2
361 363 7
300 361 11
169 188 8
266 358 12
363 364 9
69 221 9
199 332 13
341 354 6
287 314 4
21 198 12
144 331 3
45 290 3
166 296 12
114 152 0
289 345 6
120 294 13
100 331 9
193 214 14
40 159 4
125 343 12
24 144 10
355 359 8
233 316 3
114 338 4
116 316 9
7 269 1
220 296 2
44 231 3
153 202 14
264 301 14
208 288 6
277 297 2
12 324 13
52 141 1
296 310 4
199 349 14
262 320 8
230 298 14
166 345 6
87 320 10
48 200 0
155 328 0
145 194 11
209 227 7
309 347 13
112 301 2
126 259 0
29 339 7
189 304 1
124 182 5
81 124 0
296 344 11
23 109 14
284 296 6
309 311 6
95 225 7
106 347 11
342 349 9
42 205 9
343 355 1
111 121 4
303 313 3
336 337 11
215 229 15
67 187 4
263 278 2
51 86 3
343 345 13
242 346 12
354 356 2
236 272 15
213 325 7
3 300 11
60 340 11
122 140 6
328 351 8
332 363 15
358 360 10
12 330 6
21 291 6
248 300 13
93 353 5
241 282 6
344 348 6
113 362 14
276 337 4
358 365 15
101 334 0
274 347 6
147 227 7
79 177 1
279 331 13
94 213 6
318 322 12
21 167 8
355 358 6
223 362 6
316 356 7
193 218 15
257 338 13
101 358 2
195 213 2
68 101 15
33 154 13
200 263 1
190 360 6
187 259 0
73 238 12
177 278 4
359 365 12
211 277 0
115 174 13
93 269 12
356 360 12
72 291 3
85 288 1
354 361 13
188 197 15
108 205 4
207 296 7
6 204 9
304 323 10
195 297 8
200 344 14
49 182 13
73 263 10
176 297 11
201 362 4
139 161 13
3 306 0
273 352 2
341 350 15
271 359 2
258 352 5
169 363 11
17 73 6
101 354 13
180 214 7
361 365 6
316 337 0
345 347 10
219 237 9
60 201 5
236 298 11
317 325 11
89 121 7
138 234 7
254 315 14
45 225 14
340 342 11
54 364 7
128 193 8
234 248 13
311 317 15
198 225 9
283 341 2
267 296 14
148 234 3
96 227 12
102 205 3
198 358 3
137 255 14
127 157 5
215 347 0
247 344 8
7 77 8
33 268 13
153 203 1
241 365 9
320 341 6
320 340 10
192 275 4
79 83 8
91 187 15
144 192 9
118 146 11
4 160 8
67 331 4
259 286 11
235 261 0
362 365 14
169 176 3
325 363 3
259 279 2
265 327 9
99 244 15
304 335 1
102 125 0
282 360 12
126 143 14
54 232 15
147 316 5
277 349 2
194 357 9
313 317 1
299 357 5
140 216 13
323 330 9
69 337 3
271 289 9
191 291 15
13 145 6
265 350 5
227 253 8
324 349 14
67 353 9
114 255 6
334 349 15
241 253 0
77 248 2
345 354 6
328 348 0
126 277 0
3 169 5
84 155 0
136 329 9
13 284 4
257 349 15
24 215 12
280 339 6
121 124 13
117 214 15
87 217 9
261 328 1
131 274 5
224 304 10
1 300 9
320 339 5
233 341 9
63 136 13
275 340 9
215 297 9
325 362 13
300 311 8
284 334 7
118 201 9
363 365 11
154 298 9
284 364 15
207 229 13
364 365 13
104 128 1
114 273 7
214 301 3
90 232 10
112 298 8
72 130 7
91 314 15
241 247 1
218 223 14
186 307 10
294 365 7
294 347 10
261 306 8
87 348 1
6 49 14
261 310 14
65 359 3
61 298 5
235 339 14
121 355 0
253 277 2
213 237 12
201 311 5
317 337 2
6 157 6
118 258 5
318 364 4
213 303 3
42 203 0
307 337 4
279 289 3
10 238 13
294 343 5
335 336 5
155 253 6
6 154 1
55 325 3
86 236 7
250 324 5
308 341 11
116 143 12
222 277 11
72 122 9
43 106 0
25 193 10
175 276 8
308 313 8
236 315 14
245 279 12
84 168 2
148 188 2
28 154 5
291 358 1
146 270 12
5 119 8
72 107 9
290 292 3
189 234 15
157 269 15
234 341 15
22 165 13
204 245 2
338 359 8
123 304 14
307 341 10
80 226 8
226 325 10
328 331 0
206 325 15
97 163 13
147 155 15
157 220 3
264 348 15
33 278 13
258 327 10
223 309 6
342 364 5
106 360 9
141 249 4
32 105 1
260 355 1
94 125 0
114 330 7
319 355 14
278 313 0
303 319 12
350 351 10
54 56 12
12 144 3
153 206 6
320 321 1
301 322 9
336 350 4
214 299 13
10 59 9
323 337 11
231 315 2
104 124 12
192 261 14
73 80 4
129 197 2
345 352 12
179 211 15
168 296 9
327 344 13
109 121 6
57 89 4
184 339 14
235 356 2
72 124 13
301 304 1
104 256 0
264 350 5
301 344 6
314 343 8
100 302 12
340 345 1
249 351 9
149 317 1
4 199 8
275 336 0
88 187 4
279 345 4
165 332 13
101 284 9
180 198 14
132 264 14
249 285 0
212 244 14
313 350 12
316 321 10
38 256 6
243 355 0
41 104 7
210 211 6
30 67 12
244 321 5
45 245 0
322 328 11
212 330 13
35 218 2
210 282 7
140 161 5
22 145 12
86 208 15
109 127 9
111 217 14
2 155 6
87 331 14
182 354 12
209 222 12
237 331 13
18 112 11
296 313 15
209 298 14
210 353 7
4 62 0
108 274 5
182 311 12
104 201 12
244 340 13
176 299 5
40 356 12
310 351 11
79 115 10
218 344 3
227 339 2
121 146 12
120 335 2
268 324 5
171 201 3
178 317 8
107 244 8
294 361 8
252 318 10
309 343 7
133 330 7
145 314 11
315 317 10
352 358 13
282 318 5
360 361 11
350 357 8
267 272 2
132 231 7
212 300 12
25 284 7
112 141 0
42 216 13
221 264 15
281 365 2
336 342 7
234 286 13
179 320 2
34 305 0
35 42 3
196 208 8
217 283 9
28 228 14
65 181 1
308 334 2
263 306 7
242 334 8
128 263 10
175 199 13
184 291 12
164 304 1
272 287 11
41 203 10
277 333 10
232 343 2
185 270 8
93 103 12
107 219 3
155 351 1
69 246 14
147 358 0
67 303 0
318 360 1
125 178 10
346 365 0
29 38 11
264 290 13
172 339 7
305 356 14
250 291 1
243 278 0
59 102 5
45 314 6
56 262 6
335 342 14
350 359 8
183 217 4
242 331 9
98 235 8
203 333 13
113 331 11
154 365 12
358 364 13
359 363 8
144 262 10
192 279 8
51 68 0
309 312 1
222 237 14
182 225 12
2 103 15
37 321 11
195 360 10
357 363 4
18 318 15
309 340 5
129 165 3
96 281 11
266 332 10
293 350 8
189 239 7
82 280 9
218 274 0
210 264 5
317 362 6
287 349 3
24 329 9
29 150 15
262 303 3
207 344 1
325 332 15
79 86 3
253 292 4
307 317 12
231 353 8
123 346 4
311 364 11
4 201 8
224 341 5
264 295 7
305 363 2
333 351 2
221 270 0
336 348 0
151 341 9
291 304 6
204 285 5
342 345 2
143 218 13
295 347 12
186 281 5
153 161 14
190 352 6
173 287 5
356 363 1
8 54 11
110 277 14
339 361 4
177 253 13
217 356 7
133 194 6
27 177 2
332 350 2
101 265 14
5 147 14
190 312 13
144 239 3
92 150 15
35 59 12
64 213 9
250 269 13
15 308 5
9 216 4
180 225 10
240 358 15
145 317 6
312 364 7
215 303 4
136 165 10
118 317 7
15 171 2
351 361 4
70 294 12
78 152 3
316 342 9
208 256 10
272 273 5
218 250 15
84 144 7
281 298 8
50 62 5
183 224 8
147 288 10
240 332 2
168 245 2
102 163 15
188 323 7
116 331 15
137 324 0
295 302 14
10 109 15
321 329 14
276 308 0
158 262 11
142 306 10
335 351 8
71 190 10
156 286 5
341 346 11
92 120 2
27 139 12
77 301 15
321 350 0
266 335 8
17 292 7
52 90 0
197 217 3
230 237 11
333 362 9
17 304 12
304 316 15
172 274 9
149 358 7
5 207 6
177 178 10
171 187 4
229 309 13
307 354 7
288 323 15
16 362 0
44 294 8
75 265 6
233 276 14
67 143 0
38 175 15
247 315 13
180 334 11
51 238 4
183 346 15
98 271 10
275 347 11
176 362 10
50 353 10
178 339 15
103 251 13
312 360 4
255 266 4
166 264 10
193 195 12
106 126 12
110 344 2
328 338 3
145 185 0
93 261 12
181 233 7
5 244 6
341 348 7
82 229 12
292 359 14
36 186 8
165 172 0
96 328 14
151 209 2
200 249 5
11 212 15
298 342 3
28 255 7
54 136 3
343 365 3
280 313 7
333 358 8
228 284 0
331 363 12
281 304 8
35 188 8
134 166 11
344 354 1
75 245 15
176 210 5
83 200 10
109 319 14
280 305 8
333 353 8
333 342 10
159 211 9
198 267 0
91 354 12
302 323 9
226 230 12
112 126 10
162 309 10
68 128 4
99 201 1
167 169 9
356 361 4
206 221 12
188 254 9
153 216 6
236 314 4
306 328 6
279 328 12
28 359 12
288 296 0
347 353 2
30 318 8
319 360 0
204 256 3
82 220 3
72 169 7
92 365 0
52 269 2
127 237 14
88 144 4
93 165 11
273 333 4
77 96 8
269 325 14
248 329 14
159 292 15
285 299 4
165 298 9
60 282 13
76 116 5
143 188 9
24 138 6
124 338 6
10 169 8
51 314 12
65 245 15
197 273 4
200 305 4
132 226 3
4 143 0
155 306 3
24 193 12
52 170 0
128 173 14
127 311 12
257 341 12
260 295 0
280 327 8
164 224 3
220 284 5
175 323 6
102 164 12
225 274 12
174 321 2
176 325 2
191 332 11
162 254 10
169 219 12
54 277 6
290 302 8
297 335 11
62 255 10
134 262 2
207 212 15
252 255 8
29 122 11
117 240 3
161 246 9
56 57 14
322 341 12
197 344 0
264 311 1
233 346 4
198 199 9
159 322 15
296 314 5
194 295 5
321 364 8
301 352 10
146 203 2
153 282 7
52 67 0
66 187 5
298 336 14
158 190 13
318 361 5
334 342 9
324 360 4
247 286 3
76 112 1
200 280 3
274 352 6
228 288 1
236 252 0
252 361 0
319 359 14
16 343 8
292 348 0
230 246 12
274 357 4
19 308 0
307 310 15
23 218 7
341 351 11
331 358 6
103 209 7
352 354 1
270 335 4
232 240 5
27 305 4
57 361 4
247 338 7
100 257 2
297 302 10
347 348 2
53 347 14
350 353 5
21 334 3
247 291 7
272 340 11
229 242 7
123 297 3
272 302 13
145 362 3
107 354 5
311 361 4
72 220 2
301 333 14
135 199 11
36 346 6
22 117 8
290 305 5
36 98 8
321 334 5
345 349 0
101 256 8
15 221 9
21 323 1
128 311 4
208 329 12
170 287 9
304 338 3
159 358 10
221 295 13
261 277 6
122 198 5
221 276 2
219 335 12
28 291 7
78 167 2
288 291 4
319 357 9
76 170 1
63 270 11
327 337 0
149 241 13
200 306 12
235 273 10
329 346 5
178 260 5
148 269 1
16 256 4
214 352 4
311 344 4
304 311 10
274 299 3
252 342 6
62 151 3
256 269 6
147 150 13
142 214 1
328 344 10
322 334 10
96 298 11
2 326 15
107 141 13
62 221 14
115 132 6
233 335 8
267 306 8
328 346 7
79 167 3
314 325 4
299 336 3
161 314 0
198 254 2
177 315 11
212 215 15
141 154 6
200 331 2
110 169 15
89 313 10
128 147 15
80 254 14
59 279 9
142 327 12
227 313 1
173 290 5
51 330 0
310 329 1
84 212 12
359 362 3
75 353 6
243 306 9
305 333 9
275 346 4
68 284 13
258 319 2
78 224 10
178 351 9
222 307 15
337 363 11
343 354 9
106 307 5
362 363 10
191 215 0
119 194 3
138 286 9
91 259 7
31 188 1
317 338 3
196 310 12
345 363 6
253 365 12
29 353 4
255 307 12
146 335 5
288 326 10
306 350 11
92 280 3
323 359 0
170 308 15
173 324 0
118 123 1
310 347 10
326 339 12
38 297 9
266 287 4
238 331 10
180 226 3
150 325 3
326 355 14
172 255 12
167 296 0
10 173 8
239 260 4
39 117 5
319 329 13
125 199 6
224 305 8
134 151 14
74 94 10
231 365 13
179 272 4
260 285 6
194 361 12
315 335 10
104 268 1
24 299 3
256 364 8
329 351 1
271 350 2
107 353 13
262 347 0
79 163 14
12 199 4
231 325 2
167 197 15
234 255 2
86 122 11
224 226 11
258 360 6
31 304 9
290 310 0
8 145 7
178 243 1
353 364 3
146 227 8
140 349 7
295 352 7
256 284 14
34 342 9
346 347 10
165 277 13
211 321 12
341 358 12
270 337 9
110 231 14
190 354 13
94 336 0
140 219 5
254 358 14
178 293 0
331 362 7
138 200 12
18 312 13
224 244 8
88 300 7
61 221 11
268 296 9
89 277 5
28 186 1
215 365 0
65 172 2
68 216 7
203 304 1
267 356 7
206 223 7
135 272 8
255 299 8
283 285 9
151 166 13
244 289 10
161 257 2
211 240 11
212 290 5
276 357 14
49 167 3
254 265 9
83 275 2
227 271 1
347 361 4
236 345 3
256 331 7
13 30 10
89 357 8
164 230 15
339 346 12
303 307 5
4 277 0
210 347 6
88 358 12
90 203 3
63 208 5
101 338 9
324 341 3
217 272 13
241 313 8
224 250 6
307 334 1
60 252 11
133 249 9
248 322 0
69 169 10
305 327 2
72 254 0
55 138 1
78 235 1
34 152 0
139 297 4
7 62 15
40 201 9
98 343 3
269 350 8
127 129 8
2 122 15
70 92 10
158 200 13
40 155 3
11 18 12
173 237 1
308 352 0
259 344 9
185 187 0
144 194 10
251 351 0
107 242 5
132 359 4
163 224 11
298 300 8
340 347 7
265 308 3
214 363 14
48 161 14
63 102 10
93 95 10
41 283 12
151 293 15
320 337 2
259 297 5
298 355 6
221 269 3
43 76 2
276 280 11
225 294 2
290 320 13
29 177 13
351 355 0
54 355 8
186 338 13
299 310 8
91 321 1
77 108 3
230 293 8
169 364 14
296 353 1
271 339 11
164 195 2
226 271 0
360 363 9
308 323 13
21 298 1
197 243 11
339 347 6
199 275 2
320 343 2
264 355 0
243 312 7
216 345 15
83 277 3
158 197 7
163 264 10
133 271 10
3 143 7
29 39 9
251 359 0
40 188 5
50 295 3
261 340 10
220 325 12
62 136 6
3 270 15
351 365 12
294 304 15
60 301 5
199 280 10
52 69 1
172 217 10
169 356 9
253 357 8
158 310 11
311 338 11
286 311 15
342 353 14
349 355 11
42 279 13
359 360 11
278 358 10
146 172 15
264 272 8
143 363 7
188 312 6
58 186 14
67 258 13
92 267 0
268 294 13
29 299 3
197 207 4
190 348 12
16 349 8
50 236 1
168 322 1
199 283 1
28 200 7
19 56 14
245 285 15
139 262 0
42 128 1
348 351 13
131 162 2
265 303 4
64 70 12
182 326 8
236 277 13
217 338 0
51 139 9
83 179 4
315 362 11
342 354 9
9 361 5
236 343 14
328 340 6
204 332 2
62 132 9
188 210 8
268 320 10
274 311 0
150 303 8
255 344 2
195 212 4
166 348 7
217 340 10
116 308 6
161 315 11
123 196 8
45 280 2
230 302 11
108 206 1
325 331 15
177 358 12
285 350 13
286 291 15
199 277 4
248 284 8
193 323 12
29 243 10
361 364 7
289 330 7
330 337 9
273 280 5
67 276 10
140 365 9
309 352 12
52 256 14
289 308 5
280 356 14
110 327 3
345 359 14
30 142 5
79 187 13
230 283 10
209 260 2
61 124 5
111 245 1
266 364 4
133 344 8
88 265 1
163 266 13
79 241 4
251 337 13
99 294 2
30 365 6
278 296 4
197 346 2
27 350 8
281 320 0
49 87 2
179 276 7
114 331 9
196 308 2
206 331 4
102 267 8
49 162 11
87 167 12
69 222 0
192 240 11
118 158 15
63 256 8
321 344 7
176 363 7
320 349 13
48 157 10
205 291 10
301 305 9
17 56 2
64 294 12
358 363 6
339 353 5
47 207 11
164 322 7
342 346 14
204 260 14
91 278 12
338 347 0
202 219 8
339 356 5
265 302 3
178 246 7
238 358 2
170 339 14
140 173 0
57 289 13
54 101 1
34 350 12
21 139 8
103 317 15
263 277 5
134 187 11
85 285 6
140 342 7
272 356 5
100 202 8
51 55 9
225 344 13
319 352 9
105 246 11
347 351 12
248 255 1
159 347 4
318 321 0
134 358 1
250 281 8
186 324 0
145 284 6
61 358 10
17 296 3
357 362 14
65 266 10
155 363 5
15 145 11
129 189 9
68 263 2
245 310 14
55 212 15
12 103 4
92 259 8
2 227 12
232 303 7
23 317 4
95 243 2
145 301 0
125 261 11
47 310 10
239 342 13
147 298 12
99 114 7
295 313 8
26 295 11
43 333 7
347 359 3
208 245 1
171 321 11
301 356 6
90 277 5
61 212 14
25 93 3
114 235 1
45 304 3
71 77 4
278 340 5
228 255 15
113 342 12
323 332 11
271 295 3
13 63 3
80 178 14
90 157 12
98 192 9
296 303 9
144 183 12
111 197 1
38 91 0
51 96 15
50 168 2
150 242 10
335 357 6
214 321 14
114 325 12
50 64 6
131 151 7
349 365 3
143 362 15
212 323 8
154 166 12
11 163 13
80 258 14
3 273 15
17 365 9
25 358 1
83 131 12
155 227 8
346 357 7
288 307 11
218 291 0
58 296 13
152 157 11
102 124 6
297 355 14
199 311 12
254 263 14
236 246 7
46 97 2
292 338 10
229 290 13
256 318 6
7 211 0
100 313 11
109 307 9
246 285 4
62 224 2
118 140 11
226 229 11
317 339 9
269 270 15
154 268 12
100 352 7
26 168 9
149 196 13
349 357 13
348 362 14
175 235 14
226 283 5
237 357 5
158 230 6
14 50 7
286 313 0
131 164 6
243 308 7
145 331 11
120 308 7
31 172 9
279 296 2
154 287 10
94 279 10
51 274 7
126 153 14
179 185 6
217 362 2
320 348 7
159 363 14
198 335 1
66 326 6
179 285 7
48 177 0
227 284 4
220 322 0
99 124 7
90 225 2
206 211 2
150 307 3
119 159 3
238 314 8
154 220 7
185 265 10
33 205 4
35 114 0
179 265 15
25 32 10
36 217 3
213 225 4
117 342 1
82 325 12
324 352 7
229 304 11
46 246 5
275 335 9
145 207 3
4 105 0
164 323 3
305 314 6
123 279 1
44 216 1
129 278 5
325 356 3
333 349 14
5 283 5
57 278 14
331 333 7
121 331 7
226 295 3
169 324 9
347 349 12
192 226 1
116 203 6
158 267 5
198 256 9
21 153 15
211 262 2
342 351 6
26 207 2
158 356 4
22 98 11
109 334 0
299 304 1
310 361 13
297 327 8
159 240 7
300 341 5
39 185 15
208 354 3
296 349 4
262 322 1
34 65 1
158 317 3
9 283 10
222 255 1
219 339 0
134 300 11
347 363 9
243 310 10
110 365 1
169 221 9
206 357 8
238 265 4
119 246 7
119 317 9
99 320 2
200 348 6
236 285 13
217 228 11
205 241 3
100 112 13
149 154 10
226 240 11
29 354 1
338 349 6
326 362 10
200 345 6
194 245 12
20 287 2
259 343 8
233 297 0
342 365 4
326 337 15
349 362 15
71 304 13
146 217 1
46 352 6
130 134 0
261 290 8
59 213 2
19 60 14
167 225 2
69 314 8
249 289 10
286 327 2
168 255 6
307 348 6
137 256 14
256 295 9
317 333 5
240 267 4
325 326 4
198 265 0
223 342 6
79 322 9
245 342 6
7 86 3
18 78 3
84 313 6
62 140 3
315 320 15
266 334 9
281 310 8
236 243 6
262 325 14
226 232 8
270 355 9
196 222 15
124 262 2
159 179 14
129 237 0
207 250 13
181 313 11
148 312 10
241 302 4
199 222 3
290 296 1
68 229 4
43 272 15
293 339 10
185 224 15
229 275 15
148 283 13
153 179 4
157 182 14
222 274 4
213 335 11
255 333 2
262 350 3
158 254 14
329 340 0
260 313 3
19 312 9
121 318 5
54 252 8
108 346 7
136 212 2
12 166 6
220 311 10
163 228 3
212 224 13
118 340 5
355 360 0
124 144 14
291 329 15
130 291 4
56 123 12
28 66 8
161 347 5
2 255 10
92 189 13
243 344 8
306 330 10
168 188 14
71 345 10
122 276 0
48 153 6
50 177 7
312 348 11
29 197 14
86 207 13
13 163 5
228 360 7
180 232 5
82 107 8
129 348 1
359 361 14
156 285 11
132 203 1
349 352 4
310 311 13
48 349 11
102 274 0
4 216 14
293 332 1
56 203 0
47 204 7
89 188 10
191 242 14
212 361 1
218 255 8
158 341 1
307 364 15
84 118 3
303 314 13
315 358 9
169 301 13
18 336 15
44 56 1
28 302 9
46 135 6
84 341 8
139 264 5
88 141 5
174 287 2
4 249 8
81 88 5
317 330 9
34 198 12
331 351 15
353 355 5
3 356 12
9 202 5
91 227 7
302 304 14
34 84 13
70 209 2
281 301 11
29 362 4
281 297 5
311 335 8
296 333 1
340 354 3
48 60 11
248 265 8
22 306 14
167 235 5
216 236 15
305 361 1
153 332 3
122 172 2
193 329 6
61 343 6
166 293 2
45 130 15
330 350 0
357 361 10
49 146 7
2 229 2
257 347 0
10 285 1
53 328 11
17 124 2
16 117 11
268 293 12
350 364 9
120 134 14
152 204 14
188 194 0
333 334 1
128 228 4
59 206 8
78 124 3
96 241 1
70 169 5
309 362 7
35 175 8
160 283 14
279 343 1
176 290 9
216 253 1
49 319 12
43 246 11
250 308 9
325 334 13
224 327 13
201 279 15
179 295 15
289 335 10
2 313 9
108 269 3
128 294 14
85 345 8
50 70 2
121 131 6
76 150 8
33 62 9
222 273 4
332 339 3
26 180 9
238 243 11
240 275 12
147 190 9
54 144 13
260 356 4
78 178 2
341 363 4
118 262 4
199 295 7
182 201 10
239 364 3
184 195 5
225 325 0
311 331 11
121 283 5
101 309 2
230 314 5
74 316 3
173 268 2
181 300 4
308 310 8
138 356 13
55 237 5
150 356 11
316 339 5
230 235 11
105 119 3
134 137 2
61 166 10
10 161 4
80 241 9
111 301 15
5 344 7
191 324 4
329 345 12
171 351 5
129 230 13
270 318 11
230 312 3
343 357 0
289 355 8
9 349 8
117 167 15
301 325 15
48 52 13
101 259 9
253 342 5
56 177 15
291 347 1
280 284 11
223 245 3
344 346 10
263 314 2
35 171 8
111 204 5
37 225 12
142 144 9
102 357 9
113 346 11
61 125 5
79 309 11
286 342 3
148 208 11
312 336 6
344 356 0
229 235 1
165 204 9
121 342 12
105 179 2
138 259 13
91 349 1
75 289 15
205 275 11
4 26 5
164 338 12
222 291 14
36 114 2
165 295 1
349 358 0
290 293 5
240 346 13
354 362 1
36 234 4
39 261 2
88 142 2
5 315 9
76 159 13
278 290 9
186 334 9
159 176 7
77 133 10
7 138 6
220 273 0
326 364 6
23 277 0
239 344 10
95 135 12
60 339 9
280 323 15
83 358 15
203 218 3
277 359 11
221 343 12
291 320 0
104 173 10
334 356 9
212 349 13
116 295 3
214 222 2
131 288 9
24 298 4
24 57 10
6 227 14
254 313 15
24 246 14
342 356 4
327 331 7
20 45 6
333 354 12
224 358 15
179 249 0
128 216 3
61 232 10
208 341 7
221 267 8
159 187 3
34 295 15
237 355 1
55 271 15
6 254 9
81 304 4
238 312 10
70 140 4
150 301 8
164 214 10
112 358 5
15 187 1
49 133 11
216 248 0
243 294 2
114 327 7
303 359 15
324 328 3
137 189 7
116 157 5
195 245 3
280 329 15
42 217 4
202 353 14
161 254 5
71 140 4
63 133 8
182 267 11
182 229 11
138 250 5
37 183 0
205 262 8
282 319 13
261 283 7
77 306 14
186 343 8
23 103 2
285 358 7
122 289 1
132 246 15
197 307 8
37 98 3
80 125 1
31 296 5
286 310 15
181 346 10
117 211 7
289 334 4
169 183 8
132 330 10
91 325 2
69 163 8
195 311 0
352 363 4
288 289 12
35 58 1
207 289 7
352 361 2
348 353 14
174 257 15
40 195 13
249 270 2
37 193 15
40 56 11
6 13 0
228 303 4
230 245 2
214 231 12
245 331 13
287 325 3
235 340 13
19 170 6
277 312 1
227 308 2
148 151 5
305 325 5
77 302 8
41 139 14
31 108 9
20 302 4
307 340 8
45 351 1
140 312 13
170 234 7
328 349 3
76 82 14
217 230 8
281 321 5
208 238 0
337 349 12
317 320 15
244 297 6
147 303 15
302 319 10
41 292 8
160 236 13
274 312 5
10 80 12
265 345 11
209 303 3
207 241 4
72 246 6
220 341 15
342 361 10
313 316 5
160 273 1
274 280 6
72 235 10
279 283 15
245 301 1
52 329 2
103 262 3
226 356 3
293 321 0
228 236 3
138 291 7
163 238 9
249 283 2
306 359 11
100 190 6
80 347 1
244 357 6
228 261 7
73 180 10
250 260 12
80 365 11
7 154 4
330 353 12
26 57 8
139 301 11
129 361 12
52 303 2
309 319 14
275 341 8
300 348 6
200 209 4
130 320 8
291 334 2
30 141 7
272 277 9
13 156 1
353 357 4
20 75 2
248 327 12
237 256 8
230 347 1
145 315 12
179 331 11
270 307 0
352 365 4
160 260 4
312 356 13
357 364 9
70 321 13
60 237 2
247 253 15
243 311 3
186 305 8
2 81 15
305 336 1
2 134 6
240 253 13
10 219 8
163 346 7
228 327 12
54 363 13
206 231 1
228 362 14
133 254 14
210 239 3
243 335 15
236 242 12
90 355 13
210 338 3
71 332 9
53 215 9
294 315 12
12 143 7
202 213 3
146 311 2
284 309 6
119 208 8
173 214 15
59 248 10
323 338 7
211 242 9
138 321 6
136 276 2
144 166 15
136 222 12
5 89 9
83 288 14
83 313 8
312 329 0
315 346 13
116 254 1
353 363 13
262 293 1
81 125 4
51 52 0
120 256 13
9 181 13
348 361 15
83 238 12
198 307 9
178 259 4
218 361 2
297 320 14
356 358 12
310 335 9
48 283 13
311 316 0
285 314 10
177 179 4
127 300 2
173 180 7
186 279 5
265 354 12
308 309 5
76 118 15
147 356 7
163 199 13
154 254 8
190 192 12
333 360 7
148 161 6
192 259 6
207 325 15
10 128 5
299 360 0
204 315 13
112 308 0
1 358 2
289 290 14
295 335 1
114 326 8
70 205 5
38 133 7
112 199 12
41 275 2
260 342 0
261 362 3
169 198 14
34 365 0
154 325 13
44 84 3
12 141 5
88 188 15
185 254 3
161 240 4
49 89 3
305 310 2
213 321 10
144 190 6
131 215 6
165 296 12
71 265 10
266 319 1
92 119 2
200 274 11
311 362 6
299 355 6
325 340 3
222 278 12
35 158 10
178 335 11
243 313 13
56 147 14
31 275 9
162 333 13
314 344 9
36 108 0
250 286 4
315 364 0
303 328 5
319 346 3
53 298 12
173 270 15
329 337 11
89 109 2
328 339 9
272 282 15
135 359 2
26 332 9
298 304 8
96 320 3
250 323 15
72 326 8
67 239 8
101 154 12
233 299 13
161 290 13
341 342 14
70 347 7
278 365 4
83 159 4
244 251 4
175 344 11
281 347 2
259 353 13
228 264 15
215 222 0
102 156 14
313 342 1
151 162 10
343 359 14
21 64 3
9 43 4
129 326 12
126 258 3
276 301 12
64 263 8
52 190 0
50 173 4
9 76 14
25 158 12
246 293 8
43 302 5
51 142 4
320 361 8
262 323 2
213 274 2
99 310 4
92 278 11
333 359 2
57 297 15
110 243 5
116 192 1
344 351 10
306 362 4
307 316 5
346 351 15
272 345 5
88 170 11
56 153 12
233 248 10
273 343 6
111 339 0
145 279 13
98 262 14
4 311 11
270 283 11
39 218 14
222 312 15
308 362 11
8 353 4
171 261 3
188 325 14
9 219 1
96 242 7
274 360 5
133 284 1
25 103 5
36 351 9
156 192 7
218 261 10
85 278 14
97 344 6
22 347 2
53 342 13
138 294 3
242 296 13
294 344 8
237 249 7
105 336 10
40 67 1
32 150 15
51 360 9
298 346 4
75 108 8
92 344 9
274 285 10
217 361 2
49 262 3
170 283 15
140 252 12
76 289 0
279 344 11
29 151 11
145 356 14
154 165 8
46 193 15
351 357 8
352 353 12
59 223 4
314 355 1
108 191 14
272 333 6
238 249 8
94 343 1
192 209 12
8 18 10
34 36 3
4 195 11
53 266 2
316 358 2
31 216 14
68 236 11
249 263 2
75 319 2
99 278 4
62 149 9
321 339 4
292 305 13
326 352 12
231 303 1
72 273 13
180 300 1
184 191 3
32 297 6
31 265 8
296 320 12
92 156 11
308 365 11
210 268 11
91 304 8
4 70 15
323 334 10
308 327 8
324 359 3
218 337 2
99 249 6
231 293 2
175 314 2
195 336 12
9 102 1
85 202 10
209 341 7
238 248 5
200 292 2
40 345 1
161 284 15
271 329 11
132 148 6
326 340 2
90 94 10
223 325 6
184 292 8
279 307 13
25 166 1
31 152 13
224 230 8
303 321 4
193 294 6
67 110 4
319 353 12
127 270 4
253 273 15
155 277 9
47 359 10
50 210 3
96 291 0
308 337 0
110 334 13
147 315 6
62 291 0
14 143 5
271 302 5
120 296 15
76 253 14
40 145 12
34 57 9
236 358 7
263 310 11
277 320 1
211 275 5
44 254 9
129 135 4
337 348 10
137 268 3
69 106 12
147 280 8
35 79 5
269 336 11
119 337 0
3 249 7
95 188 15
96 350 13
300 362 15
327 364 12
254 282 13
124 180 1
24 265 7
48 163 7
340 365 5
214 342 5
77 222 1
243 345 10
170 313 12
271 325 8
307 333 10
70 300 15
154 273 13
334 341 6
242 270 1
120 267 11
105 287 15
118 193 9
50 201 5
341 356 11
112 156 6
117 328 8
220 287 13
211 358 9
5 133 5
194 283 5
49 72 12
10 50 15
316 319 12
340 349 15
268 279 15
56 284 13
255 295 7
66 226 0
219 223 13
308 358 4
348 349 7
287 343 4
56 352 6
185 324 3
306 307 4
159 205 2
30 233 1
212 301 0
107 166 2
241 285 9
38 144 5
56 229 6
232 337 11
266 362 5
104 279 9
67 271 13
159 165 6
154 160 14
345 346 11
326 335 13
126 282 12
212 258 8
127 276 15
48 55 14
66 324 15
265 271 11
170 232 12
188 289 1
132 342 15
320 345 7
338 348 14
313 325 8
77 196 6
212 287 2
204 359 12
137 331 6
232 243 15
313 320 8
195 353 8
216 358 3
235 343 1
360 364 9
26 353 6
155 338 13
15 84 13
194 208 15
356 364 6
94 278 13
323 354 9
134 192 14
274 326 9
144 216 0
233 239 7
158 188 12
20 220 13
265 297 8
265 278 5
13 211 11
93 243 3
186 316 1
52 346 15
50 74 3
312 325 9
162 346 11
77 246 10
320 364 9
338 360 13
140 164 13
138 241 14
279 350 5
118 143 12
83 230 15
14 33 15
167 318 4
23 308 5
197 200 7
255 259 9
302 324 4
32 178 12
228 241 2
47 304 1
17 136 11
174 323 5
131 137 8
49 110 2
170 286 9
17 120 1
362 364 4
337 360 2
265 351 5
133 185 11
318 337 8
324 365 1
102 114 15
67 137 7
196 339 4
38 316 11
355 356 13
185 230 15
187 321 2
256 299 14
294 349 5
137 307 14
67 134 1
247 361 5
147 278 11
213 227 7
220 352 2
72 209 1
22 26 10
81 188 7
182 234 15
215 363 3
64 266 13
259 281 14
25 57 9
291 303 5
78 186 13
173 302 5
213 265 1
248 302 14
233 279 6
174 360 14
57 202 0
56 117 1
41 208 11
21 292 2
184 201 2
45 49 1
287 335 0
278 326 0
282 324 7
272 316 14
97 362 3
27 47 14
244 363 15
280 304 9
99 360 10
132 263 13
79 132 5
149 342 1
321 341 6
317 358 14
110 202 3
158 246 13
349 361 12
311 334 9
63 345 8
38 126 7
311 354 12
184 247 15
189 321 9
169 195 9
126 223 13
207 270 4
237 278 5
9 16 8
310 340 1
329 343 10
336 359 8
320 326 2
93 336 2
237 253 9
275 286 0
123 213 12
44 299 15
63 99 5
319 323 0
172 315 5
254 350 15
95 185 12
120 327 6
26 205 12
118 277 5
152 194 11
207 301 8
161 178 7
200 319 11
66 76 13
162 277 11
193 302 13
214 358 5
154 279 10
287 324 12
138 351 15
102 350 5
49 156 13
101 245 2
46 349 9
117 287 0
313 356 7
267 282 5
36 350 6
36 91 10
162 165 14
208 265 4
148 288 6
43 169 10
115 288 10
144 253 1
321 340 7
121 270 11
119 230 5
91 251 3
186 198 1
53 122 15
60 99 12
54 217 9
273 334 11
80 143 0
140 250 15
13 204 15
8 238 7
224 262 7
295 331 2
271 328 1
178 324 11
194 327 2
133 322 1
31 310 6
134 293 12
300 335 9
308 335 14
12 152 15
72 364 8
265 288 0
236 238 1
295 351 4
260 349 6
350 355 7
235 318 15
22 41 9
164 209 8
167 255 2
182 317 6
251 323 10
21 253 14
126 330 7
91 229 15
146 319 10
115 327 4
232 365 10
251 295 4
52 166 13
89 223 2
145 343 10
88 359 14
195 265 7
109 347 11
216 321 10
254 362 0
30 247 0
211 229 14
273 355 10
265 365 8
279 316 11
52 155 0
39 361 13
49 240 0
298 324 13
267 357 4
265 322 14
128 197 14
224 308 8
270 280 0
158 287 11
81 347 2
63 236 0
14 282 4
49 102 5
17 111 14
28 339 6
329 354 0
54 338 5
42 253 2
99 176 5
312 365 7
71 346 12
231 282 11
113 249 8
7 13 1
32 167 11
47 72 12
150 197 15
175 315 11
170 175 12
64 344 0
106 222 6
209 342 13
40 102 6
119 168 1
249 259 3
62 298 8
106 108 6
226 312 15
160 234 4
108 281 1
138 301 4
318 362 1
53 177 1
6 315 9
217 264 14
166 257 14
19 311 2
200 294 6
50 164 11
169 361 6
173 298 4
310 348 14
144 266 6
355 361 0
307 330 14
225 240 11
125 326 5
303 345 8
167 343 7
226 292 13
67 82 7
310 345 5
68 162 5
326 365 8
101 178 2
116 196 8
339 343 4
147 246 7
339 341 7
246 287 0
159 247 14
44 344 15
339 345 5
325 336 1
34 117 2
211 353 2
321 326 12
17 144 11
187 200 8
326 357 13
126 332 2
123 206 13
265 332 8
221 360 15
40 253 4
334 335 12
221 224 10
120 201 15
17 115 15
250 334 11
170 218 3
289 312 13
269 326 1
172 269 10
90 197 5
175 270 12
150 163 2
229 344 10
217 257 2
283 364 4
199 218 1
343 349 3
281 317 0
308 322 6
234 350 3
338 345 7
133 317 9
269 314 6
21 100 13
182 308 8
26 222 9
199 324 0
184 216 3
38 302 15
260 271 13
96 183 1
14 275 7
259 337 3
259 266 14
344 358 5
213 231 0
94 131 5
25 117 9
83 88 12
247 272 6
299 332 1
18 73 10
249 311 11
106 192 7
53 121 1
337 353 8
73 192 10
259 318 7
64 106 7
98 205 1
291 317 12
70 175 7
250 309 13
231 238 9
49 204 1
342 360 5
60 217 10
178 267 5
1 351 0
300 360 13
324 364 13
16 33 15
5 166 1
33 301 6
79 331 3
103 300 1
71 144 5
270 305 6
78 110 12
157 197 7
315 329 9
134 228 15
311 321 5
142 301 4
37 230 14
40 205 11
355 364 6
318 331 3
92 354 6
156 341 8
235 336 9
240 255 7
212 231 8
153 265 8
10 43 15
183 250 6
225 243 5
119 179 10
165 274 11
222 231 7
277 337 14
219 228 10
336 341 3
180 259 2
119 172 1
94 132 5
337 341 0
59 236 1
343 351 15
219 257 14
300 334 8
296 364 14
213 259 3
230 288 1
85 124 14
256 326 7
186 200 1
255 288 9
298 326 4
91 339 3
199 316 14
9 150 10
82 177 15
163 311 12
117 291 6
301 362 6
200 251 15
136 156 4
188 230 4
255 284 11
341 344 5
28 325 2
15 224 11
325 354 7
10 155 7
309 346 10
76 323 11
329 353 9
121 197 2
236 353 7
229 333 7
252 335 1
322 348 11
12 279 11
262 275 10
163 188 12
20 263 14
305 359 3
157 206 8
233 267 12
29 111 15
130 251 5
5 297 13
34 348 6
128 278 15
162 318 13
202 238 0
19 157 7
132 337 0
175 301 7
91 135 11
268 345 2
43 324 10
2 248 2
4 234 3
148 264 12
123 265 9
146 275 3
97 124 3
154 310 11
48 264 13
181 187 13
359 364 7
216 222 9
51 155 4
96 260 13
239 298 4
17 132 13
102 302 8
329 362 3
290 333 13
287 355 5
14 187 15
105 214 13
169 177 13
285 294 1
128 312 2
25 147 5
346 360 8
12 50 9
210 289 14
226 260 10
50 208 4
176 193 14
172 229 11
200 237 5
189 335 5
35 113 11
12 86 2
354 365 6
320 327 14
233 262 6
60 100 10
205 323 9
303 309 3
113 139 3
225 339 8
163 226 7
103 187 10
32 269 4
260 328 10
2 285 4
292 308 7
332 348 11
230 284 6
307 355 3
112 137 4
107 197 4
276 340 3
278 298 5
131 281 15
34 339 10
315 353 12
202 364 15
337 340 4
72 204 12
358 362 5
118 364 7
228 257 12
79 157 10
204 253 0
171 211 12
50 144 13
328 337 2
47 129 15
350 352 13
263 285 2
162 325 5
147 329 14
100 101 6
208 282 6
149 355 0
120 259 12
274 332 5
186 320 8
138 216 5
137 211 10
103 267 14
56 238 6
190 253 1
15 124 1
217 346 2
200 322 3
37 274 11
301 340 3
264 288 10
103 230 14
97 364 2
295 322 5
113 239 0
79 245 7
33 100 10
197 314 12
232 344 7
306 308 9
303 339 2
7 36 13
144 181 0
209 210 14
143 326 10
1 6 2
130 177 14
331 341 6
281 314 11
105 317 5
4 269 10
120 128 3
238 253 11
129 147 13
299 341 0
43 220 10
225 265 10
68 118 14
163 353 3
4 169 5
178 305 7
306 343 1
305 319 0
239 325 10
239 265 0
250 263 1
249 341 2
149 159 15
172 230 15
85 227 6
353 365 7
169 240 9
64 273 10
208 230 14
103 159 8
129 219 8
220 314 3
268 295 2
147 338 13
16 288 10
169 187 11
167 264 5
214 255 2
80 162 11
158 305 0
25 53 8
13 119 10
196 209 14
179 236 11
103 165 11
183 242 11
16 283 0
331 348 3
168 336 0
139 309 12
73 183 14
194 199 14
41 162 4
111 178 4
28 314 9
172 195 0
249 320 15
95 164 10
80 260 12
349 354 12
294 321 1
239 252 15
274 338 10
350 358 12
12 206 4
187 216 8
231 316 7
66 73 1
335 363 3
235 244 4
98 148 5
235 251 13
164 365 1
288 331 12
192 272 8
16 330 12
330 341 6
185 365 6
193 276 0
12 128 1
140 314 7
292 314 5
295 357 0
85 257 10
239 287 5
297 356 7
167 224 10
116 142 5
233 312 13
237 247 5
18 278 2
304 320 1
86 110 13
196 346 7
266 272 9
94 303 5
76 157 6
252 347 4
106 169 15
186 201 8
248 364 0
214 236 4
55 101 12
336 358 3
68 196 10
27 48 0
154 208 10
150 165 6
196 351 11
44 158 9
302 348 3
263 346 15
88 345 11
227 352 1
279 280 12
71 122 4
161 181 10
62 114 6
186 353 8
74 195 1
35 299 2
33 310 7
6 319 10
14 362 13
143 350 0
187 230 11
21 233 13
148 314 12
56 362 11
38 141 4
315 326 5
191 364 10
344 352 0
346 355 4
341 360 14
206 336 10
340 363 7
130 332 7
189 313 2
30 161 10
18 192 1
52 357 14
214 312 13
352 360 4
192 313 9
320 333 3
310 352 0
90 330 3
79 80 4
30 209 1
143 272 12
186 239 14
250 285 9
106 362 8
132 320 0
299 348 1
253 281 10
81 137 7
6 99 7
287 313 8
220 350 2
209 276 1
270 311 8
186 266 9
191 342 8
48 275 7
169 220 10
223 356 8
184 363 11
163 340 4
53 363 12
2 96 9
122 181 8
213 297 9
245 346 6
107 137 1
64 324 1
92 180 1
353 356 11
247 248 15
234 310 11
198 355 12
216 239 6
33 222 10
211 304 1
17 98 7
13 153 0
341 355 2
66 178 6
201 283 7
171 172 6
15 182 2
118 259 8
115 287 0
108 142 15
335 352 6
267 315 11
260 279 11
139 160 10
20 35 2
152 265 8
250 321 6
130 297 12
272 347 15
337 339 10
137 167 13
208 304 1
199 219 2
108 364 7
67 327 2
32 177 7
360 362 4
37 233 11
104 313 9
143 333 2
246 296 15
291 325 1
121 135 11
92 246 15
62 331 11
81 189 3
170 271 15
182 336 8
277 340 4
34 324 15
260 267 8
12 127 13
80 90 7
112 241 6
141 227 0
126 338 7
96 329 15
178 319 0
320 332 8
18 137 2
51 85 3
129 272 12
94 341 15
148 206 11
229 298 15
3 287 11
84 354 9
185 213 15
247 311 8
53 55 10
209 264 5
136 284 7
224 307 7
266 365 15
185 239 3
216 307 9
31 39 8
4 153 14
61 102 7
85 198 11
222 300 5
172 240 3
1225 4692
1 2
1 36
1 37
2 36
2 3
2 37
2 38
3 37
3 4
3 38
3 39
4 38
4 5
4 39
4 40
5 39
5 6
5 40
5 41
6 40
6 7
6 41
6 42
7 41
7 8
7 42
7 43
8 42
8 9
8 43
8 44
9 43
9 10
9 44
9 45
10 44
10 11
10 45
10 46
11 45
11 12
11 46
11 47
12 46
12 13
12 47
12 48
13 47
13 14
13 48
13 49
14 48
14 15
14 49
14 50
15 49
15 16
15 50
15 51
16 50
16 17
16 51
16 52
17 51
17 18
17 52
17 53
18 52
18 19
18 53
18 54
19 53
19 20
19 54
19 55
20 54
20 21
20 55
20 56
21 55
21 22
21 56
21 57
22 56
22 23
22 57
22 58
23 57
23 24
23 58
23 59
24 58
24 25
24 59
24 60
25 59
25 26
25 60
25 61
26 60
26 27
26 61
26 62
27 61
27 28
27 62
27 63
28 62
28 29
28 63
28 64
29 63
29 30
29 64
29 65
30 64
30 31
30 65
30 66
31 65
31 32
31 66
31 67
32 66
32 33
32 67
32 68
33 67
33 34
33 68
33 69
34 68
34 35
34 69
34 70
35 69
36 37
36 71
36 72
37 71
37 38
37 72
37 73
38 72
38 39
38 73
38 74
39 73
39 40
39 74
39 75
40 74
40 41
40 75
40 76
41 75
41 42
41 76
41 77
42 76
42 43
42 77
42 78
43 77
43 44
43 78
43 79
44 78
44 45
44 79
44 80
45 79
45 46
45 80
45 81
46 80
46 47
46 81
46 82
47 81
47 48
47 82
47 83
48 82
48 49
48 83
48 84
49 83
49 50
49 84
49 85
50 84
50 51
50 85
50 86
51 85
51 52
51 86
51 87
52 86
52 53
52 87
52 88
53 87
53 54
53 88
53 89
54 88
54 55
54 89
54 90
55 89
55 56
55 90
55 91
56 90
56 57
56 91
56 92
57 91
57 58
57 92
57 93
58 92
58 59
58 93
58 94
59 93
59 60
59 94
59 95
60 94
60 61
60 95
60 96
61 95
61 62
61 96
61 97
62 96
62 63
62 97
62 98
63 97
63 64
63 98
63 99
64 98
64 65
64 99
64 100
65 99
65 66
65 100
65 101
66 100
66 67
66 101
66 102
67 101
67 68
67 102
67 103
68 102
68 69
68 103
68 104
69 103
69 70
69 104
69 105
70 104
71 72
71 106
71 107
72 106
72 73
72 107
72 108
73 107
73 74
73 108
73 109
74 108
74 75
74 109
74 110
75 109
75 76
75 110
75 111
76 110
76 77
76 111
76 112
77 111
77 78
77 112
77 113
78 112
78 79
78 113
78 114
79 113
79 80
79 114
79 115
80 114
80 81
80 115
80 116
81 115
81 82
81 116
81 117
82 116
82 83
82 117
82 118
83 117
83 84
83 118
83 119
84 118
84 85
84 119
84 120
85 119
85 86
85 120
85 121
86 120
86 87
86 121
86 122
87 121
87 88
87 122
87 123
88 122
88 89
88 123
88 124
89 123
89 90
89 124
89 125
90 124
90 91
90 125
90 126
91 125
91 92
91 126
91 127
92 126
92 93
92 127
92 128
93 127
93 94
93 128
93 129
94 128
94 95
94 129
94 130
95 129
95 96
95 130
95 131
96 130
96 97
96 131
96 132
97 131
97 98
97 132
97 133
98 132
98 99
98 133
98 134
99 133
99 100
99 134
99 135
100 134
100 101
100 135
100 136
101 135
101 102
101 136
101 137
102 136
102 103
102 137
102 138
103 137
103 104
103 138
103 139
104 138
104 105
104 139
104 140
105 139
106 107
106 141
106 142
107 141
107 108
107 142
107 143
108 142
108 109
108 143
108 144
109 143
109 110
109 144
109 145
110 144
110 111
110 145
110 146
111 145
111 112
111 146
111 147
112 146
112 113
112 147
112 148
113 147
113 114
113 148
113 149
114 148
114 115
114 149
114 150
115 149
115 116
115 150
115 151
116 150
116 117
116 151
116 152
117 151
117 118
117 152
117 153
118 152
118 119
118 153
118 154
119 153
119 120
119 154
119 155
120 154
120 121
120 155
120 156
121 155
121 122
121 156
121 157
122 156
122 123
122 157
122 158
123 157
123 124
123 158
123 159
124 158
124 125
124 159
124 160
125 159
125 126
125 160
125 161
126 160
126 127
126 161
126 162
127 161
127 128
127 162
127 163
128 162
128 129
128 163
128 164
129 163
129 130
129 164
129 165
130 164
130 131
130 165
130 166
131 165
131 132
131 166
131 167
132 166
132 133
132 167
132 168
133 167
133 134
133 168
133 169
134 168
134 135
134 169
134 170
135 169
135 136
135 170
135 171
136 170
136 137
136 171
136 172
137 171
137 138
137 172
137 173
138 172
138 139
138 173
138 174
139 173
139 140
139 174
139 175
140 174
141 142
141 176
141 177
142 176
142 143
142 177
142 178
143 177
143 144
143 178
143 179
144 178
144 145
144 179
144 180
145 179
145 146
145 180
145 181
146 180
146 147
146 181
146 182
147 181
147 148
147 182
147 183
148 182
148 149
148 183
148 184
149 183
149 150
149 184
149 185
150 184
150 151
150 185
150 186
151 185
151 152
151 186
151 187
152 186
152 153
152 187
152 188
153 187
153 154
153 188
153 189
154 188
154 155
154 189
154 190
155 189
155 156
155 190
155 191
156 190
156 157
156 191
156 192
157 191
157 158
157 192
157 193
158 192
158 159
158 193
158 194
159 193
159 160
159 194
159 195
160 194
160 161
160 195
160 196
161 195
161 162
161 196
161 197
162 196
162 163
162 197
162 198
163 197
163 164
163 198
163 199
164 198
164 165
164 199
164 200
165 199
165 166
165 200
165 201
166 200
166 167
166 201
166 202
167 201
167 168
167 202
167 203
168 202
168 169
168 203
168 204
169 203
169 170
169 204
169 205
170 204
170 171
170 205
170 206
171 205
171 172
171 206
171 207
172 206
172 173
172 207
172 208
173 207
173 174
173 208
173 209
174 208
174 175
174 209
174 210
175 209
176 177
176 211
176 212
177 211
177 178
177 212
177 213
178 212
178 179
178 213
178 214
179 213
179 180
179 214
179 215
180 214
180 181
180 215
180 216
181 215
181 182
181 216
181 217
182 216
182 183
182 217
182 218
183 217
183 184
183 218
183 219
184 218
184 185
184 219
184 220
185 219
185 186
185 220
185 221
186 220
186 187
186 221
186 222
187 221
187 188
187 222
187 223
188 222
188 189
188 223
188 224
189 223
189 190
189 224
189 225
190 224
190 191
190 225
190 226
191 225
191 192
191 226
191 227
192 226
192 193
192 227
192 228
193 227
193 194
193 228
193 229
194 228
194 195
194 229
194 230
195 229
195 196
195 230
195 231
196 230
196 197
196 231
196 232
197 231
197 198
197 232
197 233
198 232
198 199
198 233
198 234
199 233
199 200
199 234
199 235
200 234
200 201
200 235
200 236
201 235
201 202
201 236
201 237
202 236
202 203
202 237
202 238
203 237
203 204
203 238
203 239
204 238
204 205
204 239
204 240
205 239
205 206
205 240
205 241
206 240
206 207
206 241
206 242
207 241
207 208
207 242
207 243
208 242
208 209
208 243
208 244
209 243
209 210
209 244
209 245
210 244
211 212
211 246
211 247
212 246
212 213
212 247
212 248
213 247
213 214
213 248
213 249
214 248
214 215
214 249
214 250
215 249
215 216
215 250
215 251
216 250
216 217
216 251
216 252
217 251
217 218
217 252
217 253
218 252
218 219
218 253
218 254
219 253
219 220
219 254
219 255
220 254
220 221
220 255
220 256
221 255
221 222
221 256
221 257
222 256
222 223
222 257
222 258
223 257
223 224
223 258
223 259
224 258
224 225
224 259
224 260
225 259
225 226
225 260
225 261
226 260
226 227
226 261
226 262
227 261
227 228
227 262
227 263
228 262
228 229
228 263
228 264
229 263
229 230
229 264
229 265
230 264
230 231
230 265
230 266
231 265
231 232
231 266
231 267
232 266
232 233
232 267
232 268
233 267
233 234
233 268
233 269
234 268
234 235
234 269
234 270
235 269
235 236
235 270
235 271
236 270
236 237
236 271
236 272
237 271
237 238
237 272
237 273
238 272
238 239
238 273
238 274
239 273
239 240
239 274
239 275
240 274
240 241
240 275
240 276
241 275
241 242
241 276
241 277
242 276
242 243
242 277
242 278
243 277
243 244
243 278
243 279
244 278
244 245
244 279
244 280
245 279
246 247
246 281
246 282
247 281
247 248
247 282
247 283
248 282
248 249
248 283
248 284
249 283
249 250
249 284
249 285
250 284
250 251
250 285
250 286
251 285
251 252
251 286
251 287
252 286
252 253
252 287
252 288
253 287
253 254
253 288
253 289
254 288
254 255
254 289
254 290
255 289
255 256
255 290
255 291
256 290
256 257
256 291
256 292
257 291
257 258
257 292
257 293
258 292
258 259
258 293
258 294
259 293
259 260
259 294
259 295
260 294
260 261
260 295
260 296
261 295
261 262
261 296
261 297
262 296
262 263
262 297
262 298
263 297
263 264
263 298
263 299
264 298
264 265
264 299
264 300
265 299
265 266
265 300
265 301
266 300
266 267
266 301
266 302
267 301
267 268
267 302
267 303
268 302
268 269
268 303
268 304
269 303
269 270
269 304
269 305
270 304
270 271
270 305
270 306
271 305
271 272
271 306
271 307
272 306
272 273
272 307
272 308
273 307
273 274
273 308
273 309
274 308
274 275
274 309
274 310
275 309
275 276
275 310
275 311
276 310
276 277
276 311
276 312
277 311
277 278
277 312
277 313
278 312
278 279
278 313
278 314
279 313
279 280
279 314
279 315
280 314
281 282
281 316
281 317
282 316
282 283
282 317
282 318
283 317
283 284
283 318
283 319
284 318
284 285
284 319
284 320
285 319
285 286
285 320
285 321
286 320
286 287
286 321
286 322
287 321
287 288
287 322
287 323
288 322
288 289
288 323
288 324
289 323
289 290
289 324
289 325
290 324
290 291
290 325
290 326
291 325
291 292
291 326
291 327
292 326
292 293
292 327
292 328
293 327
293 294
293 328
293 329
294 328
294 295
294 329
294 330
295 329
295 296
295 330
295 331
296 330
296 297
296 331
296 332
297 331
297 298
297 332
297 333
298 332
298 299
298 333
298 334
299 333
299 300
299 334
299 335
300 334
300 301
300 335
300 336
301 335
301 302
301 336
301 337
302 336
302 303
302 337
302 338
303 337
303 304
303 338
303 339
304 338
304 305
304 339
304 340
305 339
305 306
305 340
305 341
306 340
306 307
306 341
306 342
307 341
307 308
307 342
307 343
308 342
308 309
308 343
308 344
309 343
309 310
309 344
309 345
310 344
310 311
310 345
310 346
311 345
311 312
311 346
311 347
312 346
312 313
312 347
312 348
313 347
313 314
313 348
313 349
314 348
314 315
314 349
314 350
315 349
316 317
316 351
316 352
317 351
317 318
317 352
317 353
318 352
318 319
318 353
318 354
319 353
319 320
319 354
319 355
320 354
320 321
320 355
320 356
321 355
321 322
321 356
321 357
322 356
322 323
322 357
322 358
323 357
323 324
323 358
323 359
324 358
324 325
324 359
324 360
325 359
325 326
325 360
325 361
326 360
326 327
326 361
326 362
327 361
327 328
327 362
327 363
328 362
328 329
328 363
328 364
329 363
329 330
329 364
329 365
330 364
330 331
330 365
330 366
331 365
331 332
331 366
331 367
332 366
332 333
332 367
332 368
333 367
333 334
333 368
333 369
334 368
334 335
334 369
334 370
335 369
335 336
335 370
335 371
336 370
336 337
336 371
336 372
337 371
337 338
337 372
337 373
338 372
338 339
338 373
338 374
339 373
339 340
339 374
339 375
340 374
340 341
340 375
340 376
341 375
341 342
341 376
341 377
342 376
342 343
342 377
342 378
343 377
343 344
343 378
343 379
344 378
344 345
344 379
344 380
345 379
345 346
345 380
345 381
346 380
346 347
346 381
346 382
347 381
347 348
347 382
347 383
348 382
348 349
348 383
348 384
349 383
349 350
349 384
349 385
350 384
351 352
351 386
351 387
352 386
352 353
352 387
352 388
353 387
353 354
353 388
353 389
354 388
354 355
354 389
354 390
355 389
355 356
355 390
355 391
356 390
356 357
356 391
356 392
357 391
357 358
357 392
357 393
358 392
358 359
358 393
358 394
359 393
359 360
359 394
359 395
360 394
360 361
360 395
360 396
361 395
361 362
361 396
361 397
362 396
362 363
362 397
362 398
363 397
363 364
363 398
363 399
364 398
364 365
364 399
364 400
365 399
365 366
365 400
365 401
366 400
366 367
366 401
366 402
367 401
367 368
367 402
367 403
368 402
368 369
368 403
368 404
369 403
369 370
369 404
369 405
370 404
370 371
370 405
370 406
371 405
371 372
371 406
371 407
372 406
372 373
372 407
372 408
373 407
373 374
373 408
373 409
374 408
374 375
374 409
374 410
375 409
375 376
375 410
375 411
376 410
376 377
376 411
376 412
377 411
377 378
377 412
377 413
378 412
378 379
378 413
378 414
379 413
379 380
379 414
379 415
380 414
380 381
380 415
380 416
381 415
381 382
381 416
381 417
382 416
382 383
382 417
382 418
383 417
383 384
383 418
383 419
384 418
384 385
384 419
384 420
385 419
386 387
386 421
386 422
387 421
387 388
387 422
387 423
388 422
388 389
388 423
388 424
389 423
389 390
389 424
389 425
390 424
390 391
390 425
390 426
391 425
391 392
391 426
391 427
392 426
392 393
392 427
392 428
393 427
393 394
393 428
393 429
394 428
394 395
394 429
394 430
395 429
395 396
395 430
395 431
396 430
396 397
396 431
396 432
397 431
397 398
397 432
397 433
398 432
398 399
398 433
398 434
399 433
399 400
399 434
399 435
400 434
400 401
400 435
400 436
401 435
401 402
401 436
401 437
402 436
402 403
402 437
402 438
403 437
403 404
403 438
403 439
404 438
404 405
404 439
404 440
405 439
405 406
405 440
405 441
406 440
406 407
406 441
406 442
407 441
407 408
407 442
407 443
408 442
408 409
408 443
408 444
409 443
409 410
409 444
409 445
410 444
410 411
410 445
410 446
411 445
411 412
411 446
411 447
412 446
412 413
412 447
412 448
413 447
413 414
413 448
413 449
414 448
414 415
414 449
414 450
415 449
415 416
415 450
415 451
416 450
416 417
416 451
416 452
417 451
417 418
417 452
417 453
418 452
418 419
418 453
418 454
419 453
419 420
419 454
419 455
420 454
421 422
421 456
421 457
422 456
422 423
422 457
422 458
423 457
423 424
423 458
423 459
424 458
424 425
424 459
424 460
425 459
425 426
425 460
425 461
426 460
426 427
426 461
426 462
427 461
427 428
427 462
427 463
428 462
428 429
428 463
428 464
429 463
429 430
429 464
429 465
430 464
430 431
430 465
430 466
431 465
431 432
431 466
431 467
432 466
432 433
432 467
432 468
433 467
433 434
433 468
433 469
434 468
434 435
434 469
434 470
435 469
435 436
435 470
435 471
436 470
436 437
436 471
436 472
437 471
437 438
437 472
437 473
438 472
438 439
438 473
438 474
439 473
439 440
439 474
439 475
440 474
440 441
440 475
440 476
441 475
441 442
441 476
441 477
442 476
442 443
442 477
442 478
443 477
443 444
443 478
443 479
444 478
444 445
444 479
444 480
445 479
445 446
445 480
445 481
446 480
446 447
446 481
446 482
447 481
447 448
447 482
447 483
448 482
448 449
448 483
448 484
449 483
449 450
449 484
449 485
450 484
450 451
450 485
450 486
451 485
451 452
451 486
451 487
452 486
452 453
452 487
452 488
453 487
453 454
453 488
453 489
454 488
454 455
454 489
454 490
455 489
456 457
456 491
456 492
457 491
457 458
457 492
457 493
458 492
458 459
458 493
458 494
459 493
459 460
459 494
459 495
460 494
460 461
460 495
460 496
461 495
461 462
461 496
461 497
462 496
462 463
462 497
462 498
463 497
463 464
463 498
463 499
464 498
464 465
464 499
464 500
465 499
465 466
465 500
465 501
466 500
466 467
466 501
466 502
467 501
467 468
467 502
467 503
468 502
468 469
468 503
468 504
469 503
469 470
469 504
469 505
470 504
470 471
470 505
470 506
471 505
471 472
471 506
471 507
472 506
472 473
472 507
472 508
473 507
473 474
473 508
473 509
474 508
474 475
474 509
474 510
475 509
475 476
475 510
475 511
476 510
476 477
476 511
476 512
477 511
477 478
477 512
477 513
478 512
478 479
478 513
478 514
479 513
479 480
479 514
479 515
480 514
480 481
480 515
480 516
481 515
481 482
481 516
481 517
482 516
482 483
482 517
482 518
483 517
483 484
483 518
483 519
484 518
484 485
484 519
484 520
485 519
485 486
485 520
485 521
486 520
486 487
486 521
486 522
487 521
487 488
487 522
487 523
488 522
488 489
488 523
488 524
489 523
489 490
489 524
489 525
490 524
491 492
491 526
491 527
492 526
492 493
492 527
492 528
493 527
493 494
493 528
493 529
494 528
494 495
494 529
494 530
495 529
495 496
495 530
495 531
496 530
496 497
496 531
496 532
497 531
497 498
497 532
497 533
498 532
498 499
498 533
498 534
499 533
499 500
499 534
499 535
500 534
500 501
500 535
500 536
501 535
501 502
501 536
501 537
502 536
502 503
502 537
502 538
503 537
503 504
503 538
503 539
504 538
504 505
504 539
504 540
505 539
505 506
505 540
505 541
506 540
506 507
506 541
506 542
507 541
507 508
507 542
507 543
508 542
508 509
508 543
508 544
509 543
509 510
509 544
509 545
510 544
510 511
510 545
510 546
511 545
511 512
511 546
511 547
512 546
512 513
512 547
512 548
513 547
513 514
513 548
513 549
514 548
514 515
514 549
514 550
515 549
515 516
515 550
515 551
516 550
516 517
516 551
516 552
517 551
517 518
517 552
517 553
518 552
518 519
518 553
518 554
519 553
519 520
519 554
519 555
520 554
520 521
520 555
520 556
521 555
521 522
521 556
521 557
522 556
522 523
522 557
522 558
523 557
523 524
523 558
523 559
524 558
524 525
524 559
524 560
525 559
526 527
526 561
526 562
527 561
527 528
527 562
527 563
528 562
528 529
528 563
528 564
529 563
529 530
529 564
529 565
530 564
530 531
530 565
530 566
531 565
531 532
531 566
531 567
532 566
532 533
532 567
532 568
533 567
533 534
533 568
533 569
534 568
534 535
534 569
534 570
535 569
535 536
535 570
535 571
536 570
536 537
536 571
536 572
537 571
537 538
537 572
537 573
538 572
538 539
538 573
538 574
539 573
539 540
539 574
539 575
540 574
540 541
540 575
540 576
541 575
541 542
541 576
541 577
542 576
542 543
542 577
542 578
543 577
543 544
543 578
543 579
544 578
544 545
544 579
544 580
545 579
545 546
545 580
545 581
546 580
546 547
546 581
546 582
547 581
547 548
547 582
547 583
548 582
548 549
548 583
548 584
549 583
549 550
549 584
549 585
550 584
550 551
550 585
550 586
551 585
551 552
551 586
551 587
552 586
552 553
552 587
552 588
553 587
553 554
553 588
553 589
554 588
554 555
554 589
554 590
555 589
555 556
555 590
555 591
556 590
556 557
556 591
556 592
557 591
557 558
557 592
557 593
558 592
558 559
558 593
558 594
559 593
559 560
559 594
559 595
560 594
561 562
561 596
561 597
562 596
562 563
562 597
562 598
563 597
563 564
563 598
563 599
564 598
564 565
564 599
564 600
565 599
565 566
565 600
565 601
566 600
566 567
566 601
566 602
567 601
567 568
567 602
567 603
568 602
568 569
568 603
568 604
569 603
569 570
569 604
569 605
570 604
570 571
570 605
570 606
571 605
571 572
571 606
571 607
572 606
572 573
572 607
572 608
573 607
573 574
573 608
573 609
574 608
574 575
574 609
574 610
575 609
575 576
575 610
575 611
576 610
576 577
576 611
576 612
577 611
577 578
577 612
577 613
578 612
578 579
578 613
578 614
579 613
579 580
579 614
579 615
580 614
580 581
580 615
580 616
581 615
581 582
581 616
581 617
582 616
582 583
582 617
582 618
583 617
583 584
583 618
583 619
584 618
584 585
584 619
584 620
585 619
585 586
585 620
585 621
586 620
586 587
586 621
586 622
587 621
587 588
587 622
587 623
588 622
588 589
588 623
588 624
589 623
589 590
589 624
589 625
590 624
590 591
590 625
590 626
591 625
591 592
591 626
591 627
592 626
592 593
592 627
592 628
593 627
593 594
593 628
593 629
594 628
594 595
594 629
594 630
595 629
596 597
596 631
596 632
597 631
597 598
597 632
597 633
598 632
598 599
598 633
598 634
599 633
599 600
599 634
599 635
600 634
600 601
600 635
600 636
601 635
601 602
601 636
601 637
602 636
602 603
602 637
602 638
603 637
603 604
603 638
603 639
604 638
604 605
604 639
604 640
605 639
605 606
605 640
605 641
606 640
606 607
606 641
606 642
607 641
607 608
607 642
607 643
608 642
608 609
608 643
608 644
609 643
609 610
609 644
609 645
610 644
610 611
610 645
610 646
611 645
611 612
611 646
611 647
612 646
612 613
612 647
612 648
613 647
613 614
613 648
613 649
614 648
614 615
614 649
614 650
615 649
615 616
615 650
615 651
616 650
616 617
616 651
616 652
617 651
617 618
617 652
617 653
618 652
618 619
618 653
618 654
619 653
619 620
619 654
619 655
620 654
620 621
620 655
620 656
621 655
621 622
621 656
621 657
622 656
622 623
622 657
622 658
623 657
623 624
623 658
623 659
624 658
624 625
624 659
624 660
625 659
625 626
625 660
625 661
626 660
626 627
626 661
626 662
627 661
627 628
627 662
627 663
628 662
628 629
628 663
628 664
629 663
629 630
629 664
629 665
630 664
631 632
631 666
631 667
632 666
632 633
632 667
632 668
633 667
633 634
633 668
633 669
634 668
634 635
634 669
634 670
635 669
635 636
635 670
635 671
636 670
636 637
636 671
636 672
637 671
637 638
637 672
637 673
638 672
638 639
638 673
638 674
639 673
639 640
639 674
639 675
640 674
640 641
640 675
640 676
641 675
641 642
641 676
641 677
642 676
642 643
642 677
642 678
643 677
643 644
643 678
643 679
644 678
644 645
644 679
644 680
645 679
645 646
645 680
645 681
646 680
646 647
646 681
646 682
647 681
647 648
647 682
647 683
648 682
648 649
648 683
648 684
649 683
649 650
649 684
649 685
650 684
650 651
650 685
650 686
651 685
651 652
651 686
651 687
652 686
652 653
652 687
652 688
653 687
653 654
653 688
653 689
654 688
654 655
654 689
654 690
655 689
655 656
655 690
655 691
656 690
656 657
656 691
656 692
657 691
657 658
657 692
657 693
658 692
658 659
658 693
658 694
659 693
659 660
659 694
659 695
660 694
660 661
660 695
660 696
661 695
661 662
661 696
661 697
662 696
662 663
662 697
662 698
663 697
663 664
663 698
663 699
664 698
664 665
664 699
664 700
665 699
666 667
666 701
666 702
667 701
667 668
667 702
667 703
668 702
668 669
668 703
668 704
669 703
669 670
669 704
669 705
670 704
670 671
670 705
670 706
671 705
671 672
671 706
671 707
672 706
672 673
672 707
672 708
673 707
673 674
673 708
673 709
674 708
674 675
674 709
674 710
675 709
675 676
675 710
675 711
676 710
676 677
676 711
676 712
677 711
677 678
677 712
677 713
678 712
678 679
678 713
678 714
679 713
679 680
679 714
679 715
680 714
680 681
680 715
680 716
681 715
681 682
681 716
681 717
682 716
682 683
682 717
682 718
683 717
683 684
683 718
683 719
684 718
684 685
684 719
684 720
685 719
685 686
685 720
685 721
686 720
686 687
686 721
686 722
687 721
687 688
687 722
687 723
688 722
688 689
688 723
688 724
689 723
689 690
689 724
689 725
690 724
690 691
690 725
690 726
691 725
691 692
691 726
691 727
692 726
692 693
692 727
692 728
693 727
693 694
693 728
693 729
694 728
694 695
694 729
694 730
695 729
695 696
695 730
695 731
696 730
696 697
696 731
696 732
697 731
697 698
697 732
697 733
698 732
698 699
698 733
698 734
699 733
699 700
699 734
699 735
700 734
701 702
701 736
701 737
702 736
702 703
702 737
702 738
703 737
703 704
703 738
703 739
704 738
704 705
704 739
704 740
705 739
705 706
705 740
705 741
706 740
706 707
706 741
706 742
707 741
707 708
707 742
707 743
708 742
708 709
708 743
708 744
709 743
709 710
709 744
709 745
710 744
710 711
710 745
710 746
711 745
711 712
711 746
711 747
712 746
712 713
712 747
712 748
713 747
713 714
713 748
713 749
714 748
714 715
714 749
714 750
715 749
715 716
715 750
715 751
716 750
716 717
716 751
716 752
717 751
717 718
717 752
717 753
718 752
718 719
718 753
718 754
719 753
719 720
719 754
719 755
720 754
720 721
720 755
720 756
721 755
721 722
721 756
721 757
722 756
722 723
722 757
722 758
723 757
723 724
723 758
723 759
724 758
724 725
724 759
724 760
725 759
725 726
725 760
725 761
726 760
726 727
726 761
726 762
727 761
727 728
727 762
727 763
728 762
728 729
728 763
728 764
729 763
729 730
729 764
729 765
730 764
730 731
730 765
730 766
731 765
731 732
731 766
731 767
732 766
732 733
732 767
732 768
733 767
733 734
733 768
733 769
734 768
734 735
734 769
734 770
735 769
736 737
736 771
736 772
737 771
737 738
737 772
737 773
738 772
738 739
738 773
738 774
739 773
739 740
739 774
739 775
740 774
740 741
740 775
740 776
741 775
741 742
741 776
741 777
742 776
742 743
742 777
742 778
743 777
743 744
743 778
743 779
744 778
744 745
744 779
744 780
745 779
745 746
745 780
745 781
746 780
746 747
746 781
746 782
747 781
747 748
747 782
747 783
748 782
748 749
748 783
748 784
749 783
749 750
749 784
749 785
750 784
750 751
750 785
750 786
751 785
751 752
751 786
751 787
752 786
752 753
752 787
752 788
753 787
753 754
753 788
753 789
754 788
754 755
754 789
754 790
755 789
755 756
755 790
755 791
756 790
756 757
756 791
756 792
757 791
757 758
757 792
757 793
758 792
758 759
758 793
758 794
759 793
759 760
759 794
759 795
760 794
760 761
760 795
760 796
761 795
761 762
761 796
761 797
762 796
762 763
762 797
762 798
763 797
763 764
763 798
763 799
764 798
764 765
764 799
764 800
765 799
765 766
765 800
765 801
766 800
766 767
766 801
766 802
767 801
767 768
767 802
767 803
768 802
768 769
768 803
768 804
769 803
769 770
769 804
769 805
770 804
771 772
771 806
771 807
772 806
772 773
772 807
772 808
773 807
773 774
773 808
773 809
774 808
774 775
774 809
774 810
775 809
775 776
775 810
775 811
776 810
776 777
776 811
776 812
777 811
777 778
777 812
777 813
778 812
778 779
778 813
778 814
779 813
779 780
779 814
779 815
780 814
780 781
780 815
780 816
781 815
781 782
781 816
781 817
782 816
782 783
782 817
782 818
783 817
783 784
783 818
783 819
784 818
784 785
784 819
784 820
785 819
785 786
785 820
785 821
786 820
786 787
786 821
786 822
787 821
787 788
787 822
787 823
788 822
788 789
788 823
788 824
789 823
789 790
789 824
789 825
790 824
790 791
790 825
790 826
791 825
791 792
791 826
791 827
792 826
792 793
792 827
792 828
793 827
793 794
793 828
793 829
794 828
794 795
794 829
794 830
795 829
795 796
795 830
795 831
796 830
796 797
796 831
796 832
797 831
797 798
797 832
797 833
798 832
798 799
798 833
798 834
799 833
799 800
799 834
799 835
800 834
800 801
800 835
800 836
801 835
801 802
801 836
801 837
802 836
802 803
802 837
802 838
803 837
803 804
803 838
803 839
804 838
804 805
804 839
804 840
805 839
806 807
806 841
806 842
807 841
807 808
807 842
807 843
808 842
808 809
808 843
808 844
809 843
809 810
809 844
809 845
810 844
810 811
810 845
810 846
811 845
811 812
811 846
811 847
812 846
812 813
812 847
812 848
813 847
813 814
813 848
813 849
814 848
814 815
814 849
814 850
815 849
815 816
815 850
815 851
816 850
816 817
816 851
816 852
817 851
817 818
817 852
817 853
818 852
818 819
818 853
818 854
819 853
819 820
819 854
819 855
820 854
820 821
820 855
820 856
821 855
821 822
821 856
821 857
822 856
822 823
822 857
822 858
823 857
823 824
823 858
823 859
824 858
824 825
824 859
824 860
825 859
825 826
825 860
825 861
826 860
826 827
826 861
826 862
827 861
827 828
827 862
827 863
828 862
828 829
828 863
828 864
829 863
829 830
829 864
829 865
830 864
830 831
830 865
830 866
831 865
831 832
831 866
831 867
832 866
832 833
832 867
832 868
833 867
833 834
833 868
833 869
834 868
834 835
834 869
834 870
835 869
835 836
835 870
835 871
836 870
836 837
836 871
836 872
837 871
837 838
837 872
837 873
838 872
838 839
838 873
838 874
839 873
839 840
839 874
839 875
840 874
841 842
841 876
841 877
842 876
842 843
842 877
842 878
843 877
843 844
843 878
843 879
844 878
844 845
844 879
844 880
845 879
845 846
845 880
845 881
846 880
846 847
846 881
846 882
847 881
847 848
847 882
847 883
848 882
848 849
848 883
848 884
849 883
849 850
849 884
849 885
850 884
850 851
850 885
850 886
851 885
851 852
851 886
851 887
852 886
852 853
852 887
852 888
853 887
853 854
853 888
853 889
854 888
854 855
854 889
854 890
855 889
855 856
855 890
855 891
856 890
856 857
856 891
856 892
857 891
857 858
857 892
857 893
858 892
858 859
858 893
858 894
859 893
859 860
859 894
859 895
860 894
860 861
860 895
860 896
861 895
861 862
861 896
861 897
862 896
862 863
862 897
862 898
863 897
863 864
863 898
863 899
864 898
864 865
864 899
864 900
865 899
865 866
865 900
865 901
866 900
866 867
866 901
866 902
867 901
867 868
867 902
867 903
868 902
868 869
868 903
868 904
869 903
869 870
869 904
869 905
870 904
870 871
870 905
870 906
871 905
871 872
871 906
871 907
872 906
872 873
872 907
872 908
873 907
873 874
873 908
873 909
874 908
874 875
874 909
874 910
875 909
876 877
876 911
876 912
877 911
877 878
877 912
877 913
878 912
878 879
878 913
878 914
879 913
879 880
879 914
879 915
880 914
880 881
880 915
880 916
881 915
881 882
881 916
881 917
882 916
882 883
882 917
882 918
883 917
883 884
883 918
883 919
884 918
884 885
884 919
884 920
885 919
885 886
885 920
885 921
886 920
886 887
886 921
886 922
887 921
887 888
887 922
887 923
888 922
888 889
888 923
888 924
889 923
889 890
889 924
889 925
890 924
890 891
890 925
890 926
891 925
891 892
891 926
891 927
892 926
892 893
892 927
892 928
893 927
893 894
893 928
893 929
894 928
894 895
894 929
894 930
895 929
895 896
895 930
895 931
896 930
896 897
896 931
896 932
897 931
897 898
897 932
897 933
898 932
898 899
898 933
898 934
899 933
899 900
899 934
899 935
900 934
900 901
900 935
900 936
901 935
901 902
901 936
901 937
902 936
902 903
902 937
902 938
903 937
903 904
903 938
903 939
904 938
904 905
904 939
904 940
905 939
905 906
905 940
905 941
906 940
906 907
906 941
906 942
907 941
907 908
907 942
907 943
908 942
908 909
908 943
908 944
909 943
909 910
909 944
909 945
910 944
911 912
911 946
911 947
912 946
912 913
912 947
912 948
913 947
913 914
913 948
913 949
914 948
914 915
914 949
914 950
915 949
915 916
915 950
915 951
916 950
916 917
916 951
916 952
917 951
917 918
917 952
917 953
918 952
918 919
918 953
918 954
919 953
919 920
919 954
919 955
920 954
920 921
920 955
920 956
921 955
921 922
921 956
921 957
922 956
922 923
922 957
922 958
923 957
923 924
923 958
923 959
924 958
924 925
924 959
924 960
925 959
925 926
925 960
925 961
926 960
926 927
926 961
926 962
927 961
927 928
927 962
927 963
928 962
928 929
928 963
928 964
929 963
929 930
929 964
929 965
930 964
930 931
930 965
930 966
931 965
931 932
931 966
931 967
932 966
932 933
932 967
932 968
933 967
933 934
933 968
933 969
934 968
934 935
934 969
934 970
935 969
935 936
935 970
935 971
936 970
936 937
936 971
936 972
937 971
937 938
937 972
937 973
938 972
938 939
938 973
938 974
939 973
939 940
939 974
939 975
940 974
940 941
940 975
940 976
941 975
941 942
941 976
941 977
942 976
942 943
942 977
942 978
943 977
943 944
943 978
943 979
944 978
944 945
944 979
944 980
945 979
946 947
946 981
946 982
947 981
947 948
947 982
947 983
948 982
948 949
948 983
948 984
949 983
949 950
949 984
949 985
950 984
950 951
950 985
950 986
951 985
951 952
951 986
951 987
952 986
952 953
952 987
952 988
953 987
953 954
953 988
953 989
954 988
954 955
954 989
954 990
955 989
955 956
955 990
955 991
956 990
956 957
956 991
956 992
957 991
957 958
957 992
957 993
958 992
958 959
958 993
958 994
959 993
959 960
959 994
959 995
960 994
960 961
960 995
960 996
961 995
961 962
961 996
961 997
962 996
962 963
962 997
962 998
963 997
963 964
963 998
963 999
964 998
964 965
964 999
964 1000
965 999
965 966
965 1000
965 1001
966 1000
966 967
966 1001
966 1002
967 1001
967 968
967 1002
967 1003
968 1002
968 969
968 1003
968 1004
969 1003
969 970
969 1004
969 1005
970 1004
970 971
970 1005
970 1006
971 1005
971 972
971 1006
971 1007
972 1006
972 973
972 1007
972 1008
973 1007
973 974
973 1008
973 1009
974 1008
974 975
974 1009
974 1010
975 1009
975 976
975 1010
975 1011
976 1010
976 977
976 1011
976 1012
977 1011
977 978
977 1012
977 1013
978 1012
978 979
978 1013
978 1014
979 1013
979 980
979 1014
979 1015
980 1014
981 982
981 1016
981 1017
982 1016
982 983
982 1017
982 1018
983 1017
983 984
983 1018
983 1019
984 1018
984 985
984 1019
984 1020
985 1019
985 986
985 1020
985 1021
986 1020
986 987
986 1021
986 1022
987 1021
987 988
987 1022
987 1023
988 1022
988 989
988 1023
988 1024
989 1023
989 990
989 1024
989 1025
990 1024
990 991
990 1025
990 1026
991 1025
991 992
991 1026
991 1027
992 1026
992 993
992 1027
992 1028
993 1027
993 994
993 1028
993 1029
994 1028
994 995
994 1029
994 1030
995 1029
995 996
995 1030
995 1031
996 1030
996 997
996 1031
996 1032
997 1031
997 998
997 1032
997 1033
998 1032
998 999
998 1033
998 1034
999 1033
999 1000
999 1034
999 1035
1000 1034
1000 1001
1000 1035
1000 1036
1001 1035
1001 1002
1001 1036
1001 1037
1002 1036
1002 1003
1002 1037
1002 1038
1003 1037
1003 1004
1003 1038
1003 1039
1004 1038
1004 1005
1004 1039
1004 1040
1005 1039
1005 1006
1005 1040
1005 1041
1006 1040
1006 1007
1006 1041
1006 1042
1007 1041
1007 1008
1007 1042
1007 1043
1008 1042
1008 1009
1008 1043
1008 1044
1009 1043
1009 1010
1009 1044
1009 1045
1010 1044
1010 1011
1010 1045
1010 1046
1011 1045
1011 1012
1011 1046
1011 1047
1012 1046
1012 1013
1012 1047
1012 1048
1013 1047
1013 1014
1013 1048
1013 1049
1014 1048
1014 1015
1014 1049
1014 1050
1015 1049
1016 1017
1016 1051
1016 1052
1017 1051
1017 1018
1017 1052
1017 1053
1018 1052
1018 1019
1018 1053
1018 1054
1019 1053
1019 1020
1019 1054
1019 1055
1020 1054
1020 1021
1020 1055
1020 1056
1021 1055
1021 1022
1021 1056
1021 1057
1022 1056
1022 1023
1022 1057
1022 1058
1023 1057
1023 1024
1023 1058
1023 1059
1024 1058
1024 1025
1024 1059
1024 1060
1025 1059
1025 1026
1025 1060
1025 1061
1026 1060
1026 1027
1026 1061
1026 1062
1027 1061
1027 1028
1027 1062
1027 1063
1028 1062
1028 1029
1028 1063
1028 1064
1029 1063
1029 1030
1029 1064
1029 1065
1030 1064
1030 1031
1030 1065
1030 1066
1031 1065
1031 1032
1031 1066
1031 1067
1032 1066
1032 1033
1032 1067
1032 1068
1033 1067
1033 1034
1033 1068
1033 1069
1034 1068
1034 1035
1034 1069
1034 1070
1035 1069
1035 1036
1035 1070
1035 1071
1036 1070
1036 1037
1036 1071
1036 1072
1037 1071
1037 1038
1037 1072
1037 1073
1038 1072
1038 1039
1038 1073
1038 1074
1039 1073
1039 1040
1039 1074
1039 1075
1040 1074
1040 1041
1040 1075
1040 1076
1041 1075
1041 1042
1041 1076
1041 1077
1042 1076
1042 1043
1042 1077
1042 1078
1043 1077
1043 1044
1043 1078
1043 1079
1044 1078
1044 1045
1044 1079
1044 1080
1045 1079
1045 1046
1045 1080
1045 1081
1046 1080
1046 1047
1046 1081
1046 1082
1047 1081
1047 1048
1047 1082
1047 1083
1048 1082
1048 1049
1048 1083
1048 1084
1049 1083
1049 1050
1049 1084
1049 1085
1050 1084
1051 1052
1051 1086
1051 1087
1052 1086
1052 1053
1052 1087
1052 1088
1053 1087
1053 1054
1053 1088
1053 1089
1054 1088
1054 1055
1054 1089
1054 1090
1055 1089
1055 1056
1055 1090
1055 1091
1056 1090
1056 1057
1056 1091
1056 1092
1057 1091
1057 1058
1057 1092
1057 1093
1058 1092
1058 1059
1058 1093
1058 1094
1059 1093
1059 1060
1059 1094
1059 1095
1060 1094
1060 1061
1060 1095
1060 1096
1061 1095
1061 1062
1061 1096
1061 1097
1062 1096
1062 1063
1062 1097
1062 1098
1063 1097
1063 1064
1063 1098
1063 1099
1064 1098
1064 1065
1064 1099
1064 1100
1065 1099
1065 1066
1065 1100
1065 1101
1066 1100
1066 1067
1066 1101
1066 1102
1067 1101
1067 1068
1067 1102
1067 1103
1068 1102
1068 1069
1068 1103
1068 1104
1069 1103
1069 1070
1069 1104
1069 1105
1070 1104
1070 1071
1070 1105
1070 1106
1071 1105
1071 1072
1071 1106
1071 1107
1072 1106
1072 1073
1072 1107
1072 1108
1073 1107
1073 1074
1073 1108
1073 1109
1074 1108
1074 1075
1074 1109
1074 1110
1075 1109
1075 1076
1075 1110
1075 1111
1076 1110
1076 1077
1076 1111
1076 1112
1077 1111
1077 1078
1077 1112
1077 1113
1078 1112
1078 1079
1078 1113
1078 1114
1079 1113
1079 1080
1079 1114
1079 1115
1080 1114
1080 1081
1080 1115
1080 1116
1081 1115
1081 1082
1081 1116
1081 1117
1082 1116
1082 1083
1082 1117
1082 1118
1083 1117
1083 1084
1083 1118
1083 1119
1084 1118
1084 1085
1084 1119
1084 1120
1085 1119
1086 1087
1086 1121
1086 1122
1087 1121
1087 1088
1087 1122
1087 1123
1088 1122
1088 1089
1088 1123
1088 1124
1089 1123
1089 1090
1089 1124
1089 1125
1090 1124
1090 1091
1090 1125
1090 1126
1091 1125
1091 1092
1091 1126
1091 1127
1092 1126
1092 1093
1092 1127
1092 1128
1093 1127
1093 1094
1093 1128
1093 1129
1094 1128
1094 1095
1094 1129
1094 1130
1095 1129
1095 1096
1095 1130
1095 1131
1096 1130
1096 1097
1096 1131
1096 1132
1097 1131
1097 1098
1097 1132
1097 1133
1098 1132
1098 1099
1098 1133
1098 1134
1099 1133
1099 1100
1099 1134
1099 1135
1100 1134
1100 1101
1100 1135
1100 1136
1101 1135
1101 1102
1101 1136
1101 1137
1102 1136
1102 1103
1102 1137
1102 1138
1103 1137
1103 1104
1103 1138
1103 1139
1104 1138
1104 1105
1104 1139
1104 1140
1105 1139
1105 1106
1105 1140
1105 1141
1106 1140
1106 1107
1106 1141
1106 1142
1107 1141
1107 1108
1107 1142
1107 1143
1108 1142
1108 1109
1108 1143
1108 1144
1109 1143
1109 1110
1109 1144
1109 1145
1110 1144
1110 1111
1110 1145
1110 1146
1111 1145
1111 1112
1111 1146
1111 1147
1112 1146
1112 1113
1112 1147
1112 1148
1113 1147
1113 1114
1113 1148
1113 1149
1114 1148
1114 1115
1114 1149
1114 1150
1115 1149
1115 1116
1115 1150
1115 1151
1116 1150
1116 1117
1116 1151
1116 1152
1117 1151
1117 1118
1117 1152
1117 1153
1118 1152
1118 1119
1118 1153
1118 1154
1119 1153
1119 1120
1119 1154
1119 1155
1120 1154
1121 1122
1121 1156
1121 1157
1122 1156
1122 1123
1122 1157
1122 1158
1123 1157
1123 1124
1123 1158
1123 1159
1124 1158
1124 1125
1124 1159
1124 1160
1125 1159
1125 1126
1125 1160
1125 1161
1126 1160
1126 1127
1126 1161
1126 1162
1127 1161
1127 1128
1127 1162
1127 1163
1128 1162
1128 1129
1128 1163
1128 1164
1129 1163
1129 1130
1129 1164
1129 1165
1130 1164
1130 1131
1130 1165
1130 1166
1131 1165
1131 1132
1131 1166
1131 1167
1132 1166
1132 1133
1132 1167
1132 1168
1133 1167
1133 1134
1133 1168
1133 1169
1134 1168
1134 1135
1134 1169
1134 1170
1135 1169
1135 1136
1135 1170
1135 1171
1136 1170
1136 1137
1136 1171
1136 1172
1137 1171
1137 1138
1137 1172
1137 1173
1138 1172
1138 1139
1138 1173
1138 1174
1139 1173
1139 1140
1139 1174
1139 1175
1140 1174
1140 1141
1140 1175
1140 1176
1141 1175
1141 1142
1141 1176
1141 1177
1142 1176
1142 1143
1142 1177
1142 1178
1143 1177
1143 1144
1143 1178
1143 1179
1144 1178
1144 1145
1144 1179
1144 1180
1145 1179
1145 1146
1145 1180
1145 1181
1146 1180
1146 1147
1146 1181
1146 1182
1147 1181
1147 1148
1147 1182
1147 1183
1148 1182
1148 1149
1148 1183
1148 1184
1149 1183
1149 1150
1149 1184
1149 1185
1150 1184
1150 1151
1150 1185
1150 1186
1151 1185
1151 1152
1151 1186
1151 1187
1152 1186
1152 1153
1152 1187
1152 1188
1153 1187
1153 1154
1153 1188
1153 1189
1154 1188
1154 1155
1154 1189
1154 1190
1155 1189
1156 1157
1156 1191
1156 1192
1157 1191
1157 1158
1157 1192
1157 1193
1158 1192
1158 1159
1158 1193
1158 1194
1159 1193
1159 1160
1159 1194
1159 1195
1160 1194
1160 1161
1160 1195
1160 1196
1161 1195
1161 1162
1161 1196
1161 1197
1162 1196
1162 1163
1162 1197
1162 1198
1163 1197
1163 1164
1163 1198
1163 1199
1164 1198
1164 1165
1164 1199
1164 1200
1165 1199
1165 1166
1165 1200
1165 1201
1166 1200
1166 1167
1166 1201
1166 1202
1167 1201
1167 1168
1167 1202
1167 1203
1168 1202
1168 1169
1168 1203
1168 1204
1169 1203
1169 1170
1169 1204
1169 1205
1170 1204
1170 1171
1170 1205
1170 1206
1171 1205
1171 1172
1171 1206
1171 1207
1172 1206
1172 1173
1172 1207
1172 1208
1173 1207
1173 1174
1173 1208
1173 1209
1174 1208
1174 1175
1174 1209
1174 1210
1175 1209
1175 1176
1175 1210
1175 1211
1176 1210
1176 1177
1176 1211
1176 1212
1177 1211
1177 1178
1177 1212
1177 1213
1178 1212
1178 1179
1178 1213
1178 1214
1179 1213
1179 1180
1179 1214
1179 1215
1180 1214
1180 1181
1180 1215
1180 1216
1181 1215
1181 1182
1181 1216
1181 1217
1182 1216
1182 1183
1182 1217
1182 1218
1183 1217
1183 1184
1183 1218
1183 1219
1184 1218
1184 1185
1184 1219
1184 1220
1185 1219
1185 1186
1185 1220
1185 1221
1186 1220
1186 1187
1186 1221
1186 1222
1187 1221
1187 1188
1187 1222
1187 1223
1188 1222
1188 1189
1188 1223
1188 1224
1189 1223
1189 1190
1189 1224
1189 1225
1190 1224
35 70
70 105
105 140
140 175
175 210
210 245
245 280
280 315
315 350
350 385
385 420
420 455
455 490
490 525
525 560
560 595
595 630
630 665
665 700
700 735
735 770
770 805
805 840
840 875
875 910
910 945
945 980
980 1015
1015 1050
1050 1085
1085 1120
1120 1155
1155 1190
1190 1225
1191 1192
1192 1193
1193 1194
1194 1195
1195 1196
1196 1197
1197 1198
1198 1199
1199 1200
1200 1201
1201 1202
1202 1203
1203 1204
1204 1205
1205 1206
1206 1207
1207 1208
1208 1209
1209 1210
1210 1211
1211 1212
1212 1213
1213 1214
1214 1215
1215 1216
1216 1217
1217 1218
1218 1219
1219 1220
1220 1221
1221 1222
1222 1223
1223 1224
1224 1225
