5
80
159
189
125
39
114
199
27
151
179
45
102
107
195
148
165
77
61
44
15
13
97
167
79
21
103
11
66
141
42
187
55
193
130
59
10
14
175
41
58
100
149
171
96
128
72
95
182
49
109
37
52
70
1
180
86
60
134
170
190
191
36
76
163
160
73
19
84
173
131
198
110
31
118
94
74
75
154
4
123
156
146
153
35
26
136
93
71
140
6
98
89
65
47
192
101
91
157
122
194
177
68
119
40
186
143
82
7
116
120
63
121
46
112
197
92
135
25
150
162
124
126
81
87
161
164
111
20
9
16
2
48
0
62
178
57
29
50
28
142
113
181
106
152
138
168
32
33
54
166
23
196
85
133
53
38
67
69
117
22
64
8
129
144
115
43
56
155
3
174
104
83
12
78
158
176
183
34
105
18
147
24
145
51
108
30
90
188
88
139
99
169
137
17
184
132
127
172
185
