19
68
52
93
140
6
96
174
145
72
28
2
16
113
90
171
182
136
1
21
173
23
85
53
117
94
55
175
95
178
0
62
12
158
78
57
142
111
98
114
163
196
61
165
77
133
97
84
122
124
109
43
193
10
130
35
59
146
4
141
66
22
69
64
8
74
154
75
187
129
144
143
37
116
157
54
27
134
168
126
49
82
40
31
67
198
73
151
125
112
135
91
33
177
103
180
120
150
152
20
164
87
162
71
3
24
34
105
18
41
100
104
50
188
30
149
58
56
26
186
11
79
194
32
101
192
5
89
46
199
191
102
15
107
45
159
127
169
99
139
48
29
83
176
51
128
81
25
106
138
63
7
115
153
156
123
42
118
110
190
197
80
172
189
179
36
160
170
60
121
86
119
70
14
155
147
183
108
161
88
9
181
65
47
137
17
184
132
185
92
39
166
131
38
167
76
44
148
195
13
