15
61
85
77
165
148
44
13
191
160
190
199
39
114
134
60
63
86
116
180
119
1
40
103
21
31
69
198
23
97
76
196
133
195
107
102
45
151
163
166
84
79
194
54
33
32
46
101
112
189
159
80
172
132
184
17
137
169
99
9
139
16
2
48
0
142
88
20
181
47
65
127
185
5
192
135
25
106
89
92
197
125
179
27
170
19
173
177
68
122
157
168
150
6
81
164
152
111
113
188
161
50
30
108
72
104
182
49
37
82
115
55
10
130
193
143
14
175
56
41
155
58
3
174
18
147
145
176
158
78
12
57
62
29
28
90
87
138
98
91
121
120
124
7
52
70
186
144
187
129
94
141
74
153
35
26
136
93
100
149
128
83
178
51
183
34
105
24
95
171
96
126
162
140
71
109
43
59
146
156
123
4
154
75
42
8
118
11
66
64
22
117
67
53
38
110
131
167
73
36
