103
186
74
123
156
146
59
10
55
129
66
117
53
85
44
13
151
125
159
172
132
5
135
91
120
7
49
95
183
51
108
30
90
81
140
182
58
41
130
187
94
22
38
133
61
195
196
67
64
141
4
75
35
14
100
149
104
96
128
72
83
57
50
164
106
192
197
199
167
69
118
31
21
68
1
115
144
40
177
54
33
134
170
163
191
97
160
27
114
101
92
98
46
157
60
168
6
25
181
137
17
99
16
0
62
12
78
158
34
18
175
136
116
63
126
71
109
193
153
154
42
8
11
79
84
166
131
110
198
23
190
39
112
65
169
20
152
138
32
86
52
43
56
155
3
24
171
162
121
122
194
119
70
26
143
37
124
150
89
127
184
185
189
45
36
73
173
180
82
93
174
147
105
145
176
178
29
142
2
48
113
111
87
161
28
188
88
139
9
47
80
179
102
107
148
77
165
15
76
19
