189
92
5
185
65
80
192
47
181
9
88
164
138
168
120
60
86
180
52
186
26
35
193
82
55
130
143
109
56
43
70
40
144
1
103
79
68
11
119
177
173
54
190
76
27
125
199
166
160
179
191
102
151
45
36
97
13
15
61
107
44
165
133
148
85
195
77
196
23
198
167
73
19
163
170
84
131
67
53
110
38
69
22
8
64
66
94
129
115
37
93
71
140
124
126
171
174
147
34
105
24
149
49
175
14
41
100
58
18
155
3
182
95
72
51
128
183
78
158
176
145
104
83
178
62
12
57
29
0
139
169
17
132
137
184
127
172
159
197
39
134
122
32
114
91
157
150
98
6
90
113
2
99
16
142
20
111
25
46
121
33
194
21
31
117
118
141
74
75
123
156
4
42
187
59
146
154
153
10
136
7
116
63
162
81
161
30
96
108
50
188
48
28
87
152
135
112
89
106
101
