192 105 114 191
60 132 0 1
160 27 0 2
20 189 0 3
25 13 0 4
51 88 0 5
162 27 0 6
17 138 0 7
135 105 0 8
44 112 0 9
60 134 0 10
28 93 0 11
193 89 0 12
144 190 0 13
125 5 0 14
61 177 0 15
55 18 0 16
133 117 0 17
51 29 0 18
156 7 0 19
178 12 0 20
17 61 0 21
167 73 0 22
186 197 24 43
162 143 112 117
82 89 0 25
83 9 0 26
138 93 0 27
46 57 0 28
73 59 0 29
109 106 119 100
27 160 0 31
68 108 0 32
72 170 0 33
78 76 94 150
191 164 0 35
118 86 0 36
57 113 0 37
176 159 0 38
167 60 0 39
126 55 0 40
199 59 0 41
38 92 0 42
119 31 0 43
148 101 0 44
199 43 0 45
184 196 49 28
182 129 0 47
178 188 0 48
196 64 181 2
193 81 60 179
154 144 91 24
36 70 0 52
171 153 0 53
170 65 0 54
48 65 0 55
62 66 0 56
140 23 0 57
83 170 0 58
99 95 0 59
0 182 65 17
181 183 53 106
48 32 0 62
26 145 0 63
55 28 0 64
21 36 0 65
198 134 0 66
112 115 0 67
56 154 0 68
0 144 0 69
52 40 0 70
74 33 0 71
48 84 0 72
86 181 0 73
170 171 0 74
124 95 0 75
123 176 0 76
111 147 0 77
115 3 0 78
182 165 0 79
104 12 0 80
104 121 0 81
31 27 0 82
105 120 0 83
23 12 0 84
180 50 190 85
103 134 0 86
127 77 0 87
189 173 0 88
62 86 0 89
89 66 0 90
174 199 0 91
187 145 0 92
149 159 0 93
194 170 0 94
38 49 0 95
68 163 0 96
129 8 0 97
109 17 0 98
71 193 66 42
3 183 93 187
178 61 0 101
11 135 0 102
97 166 0 103
77 67 0 104
61 86 0 105
117 129 0 106
113 181 84 56
179 167 0 108
15 99 0 109
53 151 0 110
64 95 0 111
198 35 0 112
6 42 0 113
176 163 0 114
119 88 0 115
147 0 0 116
83 151 0 117
192 114 0 118
194 135 0 119
100 192 0 120
162 146 0 121
69 195 0 122
19 158 0 123
103 180 0 124
121 174 0 125
142 13 10 128
98 26 0 127
6 150 0 128
146 141 0 129
47 147 153 158
8 38 39 199
131 153 0 132
196 145 0 133
96 70 0 134
108 186 0 135
109 73 0 136
81 18 0 137
49 25 0 138
36 147 0 139
60 72 0 140
28 64 0 141
177 47 0 142
157 190 0 143
106 45 0 144
67 3 0 145
92 142 0 146
105 77 13 177
178 104 17 24
104 40 0 149
106 100 52 123
154 122 0 151
71 70 0 152
64 174 0 153
115 100 0 154
56 13 0 155
69 178 0 156
169 88 0 157
76 100 0 158
66 50 0 159
139 116 0 160
105 159 0 161
78 119 0 162
102 112 0 163
44 72 0 164
159 119 0 165
136 184 0 166
10 197 0 167
152 75 0 168
177 65 0 169
2 133 0 170
172 80 0 171
178 39 0 172
99 98 0 173
173 165 0 174
34 122 0 175
132 34 0 176
108 197 30 84
105 126 0 178
178 88 0 179
57 134 0 180
55 120 0 181
185 171 0 182
132 118 0 183
72 138 0 184
189 34 0 185
141 91 35 82
45 149 135 26
121 9 0 188
54 46 0 189
74 157 0 190
131 21 0 191
41 137 0 192
41 33 0 193
176 134 0 194
37 107 0 195
186 61 0 196
55 79 0 197
93 58 0 198
5 101 0 199
109 199 1 0
148 77 1 1
55 57 1 2
29 113 1 3
96 152 1 4
102 81 1 5
134 10 1 6
66 161 1 7
53 119 1 8
83 5 1 9
73 94 1 10
133 57 1 11
115 142 1 12
126 101 1 13
129 93 1 14
61 111 1 15
176 26 100 5
139 199 74 118
105 95 1 18
102 82 1 19
157 79 1 20
43 144 1 21
187 117 49 7
106 73 1 23
166 21 1 24
27 81 1 25
40 85 1 26
41 180 1 27
131 74 1 28
137 198 1 29
97 71 1 30
183 45 1 31
123 4 1 32
92 153 1 33
108 168 69 24
17 57 1 35
193 198 86 63
140 190 144 46
185 70 1 38
189 75 1 39
34 129 92 172
175 43 1 41
143 176 1 42
156 133 1 43
47 117 1 44
10 171 184 146
67 188 1 46
21 112 1 47
110 197 1 48
78 73 1 49
93 43 1 50
169 139 1 51
90 172 1 52
30 51 1 53
175 49 1 54
182 133 1 55
150 134 1 56
199 38 1 57
142 177 1 58
34 67 1 59
15 90 146 77
14 1 1 61
183 194 1 62
171 152 1 63
123 108 1 64
5 137 38 79
197 27 61 32
199 90 1 67
18 159 1 68
127 16 1 69
151 54 1 70
191 134 1 71
191 66 1 72
22 162 1 73
185 174 1 74
89 124 1 75
3 59 1 76
163 93 1 77
35 192 1 78
31 21 137 184
92 150 1 80
109 162 1 81
87 86 1 82
106 32 1 83
144 9 1 84
142 85 1 85
31 88 1 86
11 49 1 87
136 9 1 88
96 86 1 89
105 44 1 90
123 177 1 91
36 59 1 92
152 185 1 93
142 192 1 94
198 128 1 95
141 27 1 96
50 142 1 97
109 64 62 108
128 144 1 99
87 68 1 100
188 73 83 49
179 113 59 73
167 14 1 103
123 168 1 104
12 2 17 90
20 154 181 24
199 39 1 107
137 158 1 108
120 17 1 109
44 114 1 110
63 143 1 111
117 53 1 112
8 198 1 113
195 116 1 114
16 111 1 115
185 191 47 99
78 3 39 52
127 53 1 118
83 73 1 119
27 137 151 43
117 192 138 125
104 6 1 122
93 112 1 123
91 106 1 124
1 190 1 125
134 32 1 126
96 193 1 127
103 50 1 128
175 182 172 94
46 188 1 130
141 36 1 131
153 146 1 132
124 101 25 56
67 122 1 134
177 108 29 18
75 136 1 136
168 46 1 137
87 194 1 138
31 140 1 139
98 111 1 140
163 141 1 141
155 86 1 142
2 95 1 143
126 10 1 144
165 107 1 145
117 29 1 146
110 59 1 147
167 154 1 148
132 46 1 149
139 52 1 150
84 32 1 151
22 24 1 152
31 24 167 133
21 30 99 30
199 132 1 155
122 127 1 156
168 170 1 157
13 61 1 158
125 164 1 159
88 135 1 160
121 187 1 161
161 135 1 162
73 191 1 163
133 101 1 164
30 97 1 165
127 33 89 63
34 98 1 167
151 85 1 168
19 97 1 169
154 62 1 170
152 41 1 171
132 164 1 172
110 115 1 173
143 98 1 174
156 66 1 175
135 168 1 176
73 106 1 177
0 51 1 178
46 113 166 180
123 9 1 180
197 183 1 181
34 186 1 182
191 33 1 183
150 196 1 184
96 62 1 185
196 163 1 186
116 132 1 187
102 40 1 188
16 105 1 189
181 108 1 190
99 102 1 191
34 104 1 192
7 192 1 193
150 96 1 194
176 115 1 195
19 42 1 196
155 151 1 197
1 121 1 198
13 163 1 199
2 161 37 117
182 194 2 1
113 33 95 122
198 71 2 3
72 105 2 4
76 190 2 5
180 95 2 6
17 79 2 7
26 128 2 8
23 168 2 9
13 80 2 10
148 62 2 11
118 138 2 12
76 19 2 13
164 96 2 14
49 189 2 15
119 39 2 16
38 147 105 155
152 41 163 43
76 149 105 164
170 64 2 20
147 182 2 21
22 154 2 22
12 107 2 23
175 28 2 24
84 57 2 25
79 182 2 26
13 74 2 27
154 171 2 28
127 128 2 29
42 149 2 30
148 97 2 31
3 172 153 55
104 147 46 164
189 182 2 34
129 86 2 35
54 179 2 36
112 170 2 37
42 32 2 38
187 79 2 39
36 121 2 40
75 79 2 41
106 51 2 42
58 133 2 43
106 198 63 48
30 173 130 166
101 41 2 46
134 8 2 47
123 192 2 48
42 50 2 49
112 124 2 50
194 68 2 51
100 18 2 52
157 120 2 53
61 176 2 54
197 179 2 55
71 194 2 56
157 85 2 57
143 81 2 58
133 36 2 59
19 94 60 1
125 73 2 61
33 194 2 62
56 31 2 63
66 72 2 64
103 169 2 65
181 21 2 66
189 105 2 67
58 39 105 150
32 124 2 69
117 179 2 70
16 34 2 71
91 6 29 31
137 141 2 73
176 90 2 74
55 114 2 75
152 119 2 76
125 138 2 77
19 52 2 78
199 157 2 79
196 13 2 80
111 145 2 81
73 84 2 82
186 49 163 29
120 179 49 112
148 75 32 109
93 124 189 96
20 66 138 28
198 5 2 88
143 31 2 89
82 66 125 166
91 117 2 91
141 195 2 92
195 181 2 93
60 64 2 94
129 47 2 95
57 5 2 96
151 33 2 97
37 125 2 98
171 192 2 99
114 77 2 100
35 186 2 101
163 122 2 102
169 3 2 103
31 107 2 104
9 34 2 105
19 156 2 106
157 157 2 107
89 40 2 108
8 130 2 109
91 144 2 110
81 77 2 111
189 116 2 112
7 10 2 113
153 97 2 114
170 14 2 115
164 102 2 116
40 157 2 117
131 158 2 118
103 122 2 119
114 51 2 120
162 114 2 121
4 12 2 122
117 191 2 123
5 175 2 124
140 58 2 125
51 83 2 126
17 83 2 127
182 62 2 128
150 50 2 129
24 189 17 74
54 47 2 131
180 16 2 132
161 155 2 133
146 151 2 134
123 106 2 135
30 44 2 136
87 14 2 137
15 71 2 138
13 69 2 139
0 85 2 140
79 104 2 141
137 51 2 142
183 152 120 169
177 50 2 144
87 134 2 145
116 77 2 146
90 72 2 147
178 156 2 148
3 7 2 149
12 82 2 150
70 8 2 151
126 151 2 152
182 109 2 153
112 79 2 154
8 45 23 131
5 46 2 156
62 183 2 157
171 56 2 158
152 43 2 159
80 154 2 160
162 198 2 161
182 131 2 162
46 129 2 163
159 120 2 164
81 135 2 165
10 186 2 166
95 0 2 167
116 71 2 168
52 133 2 169
145 35 2 170
11 111 53 60
49 68 99 121
138 72 72 164
35 95 2 174
5 63 2 175
39 164 2 176
167 59 2 177
8 63 2 178
6 95 2 179
35 170 2 180
149 31 2 181
98 160 2 182
13 88 2 183
137 104 2 184
103 79 2 185
125 158 2 186
102 78 2 187
106 84 2 188
6 37 64 42
122 72 2 190
104 32 2 191
114 11 164 137
129 112 2 193
79 143 2 194
76 11 2 195
187 182 2 196
182 156 2 197
37 103 2 198
138 94 2 199
47 26 161 68
25 185 3 1
46 78 3 2
68 180 3 3
160 68 3 4
34 169 3 5
11 17 3 6
66 193 3 7
178 188 32 131
79 51 3 9
198 64 3 10
24 196 3 11
147 150 3 12
177 119 3 13
102 13 3 14
78 158 3 15
66 95 3 16
28 81 34 61
150 104 3 18
13 180 3 19
85 53 3 20
119 122 3 21
140 74 3 22
160 48 3 23
132 18 3 24
127 105 3 25
8 29 3 26
187 41 3 27
52 98 3 28
165 152 3 29
123 160 3 30
59 124 3 31
177 120 3 32
107 72 23 114
23 155 179 148
188 88 85 30
105 147 4 199
50 99 156 138
150 163 3 38
95 83 3 39
67 162 3 40
141 131 3 41
95 19 3 42
82 0 3 43
20 21 135 53
3 176 3 45
26 38 3 46
163 116 3 47
82 135 3 48
103 98 3 49
146 165 3 50
63 73 3 51
94 87 3 52
15 24 3 53
165 131 116 42
23 51 3 55
92 193 3 56
190 150 3 57
117 31 3 58
82 79 3 59
96 161 186 167
164 11 130 146
45 18 53 88
21 78 3 63
33 48 3 64
95 84 3 65
65 126 3 66
4 17 3 67
64 120 127 34
109 146 3 69
129 57 3 70
137 195 81 62
105 10 94 169
66 173 121 173
191 142 53 24
142 27 3 75
159 114 3 76
32 149 3 77
101 178 3 78
142 125 3 79
26 71 3 80
138 135 167 5
4 33 111 43
198 169 12 97
29 183 3 84
61 58 3 85
70 164 3 86
19 99 143 28
89 110 3 88
89 134 3 89
129 90 3 90
111 191 3 91
88 63 62 175
27 0 100 54
16 38 98 15
52 10 129 143
78 164 3 96
128 129 3 97
150 3 3 98
83 88 3 99
136 194 3 100
67 38 3 101
38 77 3 102
186 151 3 103
9 133 54 124
152 171 3 105
128 3 3 106
72 83 3 107
122 180 3 108
43 7 3 109
148 54 3 110
141 3 3 111
117 70 3 112
79 41 3 113
190 124 3 114
186 196 169 75
60 19 3 116
34 56 3 117
167 85 3 118
60 99 3 119
87 127 3 120
26 58 3 121
50 122 3 122
110 135 3 123
61 143 3 124
197 82 3 125
30 0 3 157
155 103 3 127
106 117 3 128
90 147 3 129
67 30 3 130
161 40 3 131
106 38 3 132
110 102 3 133
91 143 114 57
170 191 3 135
0 0 3 136
95 36 3 137
122 26 3 138
194 88 159 160
120 198 56 118
187 4 3 141
108 69 3 142
160 24 3 143
16 33 3 144
195 80 3 145
99 186 3 146
71 29 3 147
36 40 3 148
102 95 3 149
155 189 3 150
106 161 177 179
142 62 3 152
122 179 3 153
90 4 65 101
62 66 50 37
94 198 3 156
95 93 3 157
37 175 3 158
147 33 42 163
102 35 3 160
163 20 3 161
11 40 3 162
14 47 24 159
52 5 3 164
44 159 3 165
101 59 3 166
79 193 3 167
82 50 181 177
178 152 111 164
181 105 3 170
146 25 3 171
24 112 3 172
144 143 3 173
160 2 3 174
166 134 3 175
40 144 3 176
21 95 184 148
158 67 3 178
25 99 3 179
23 89 3 180
31 24 49 89
141 43 3 182
169 175 3 183
90 184 3 184
42 182 102 38
115 24 135 196
19 183 3 187
193 19 3 188
98 195 3 189
53 67 3 190
10 66 3 191
8 171 3 192
29 22 3 193
149 2 3 194
160 190 3 195
28 36 3 196
131 14 3 197
165 182 3 198
174 19 3 199
165 185 4 0
193 106 4 1
65 117 4 2
146 167 82 133
160 22 4 4
155 81 4 5
145 140 4 6
66 108 4 7
113 123 4 8
66 86 4 9
142 172 4 10
145 24 4 11
32 144 4 12
20 116 4 13
92 32 4 14
61 98 4 15
145 4 4 16
144 175 4 17
1 133 4 18
181 22 4 19
193 137 4 20
186 20 4 21
184 109 4 22
73 154 4 23
144 29 4 24
123 162 4 25
5 143 4 26
4 137 4 27
22 190 4 28
118 7 4 29
55 100 4 30
135 141 4 31
89 65 4 32
147 82 4 33
97 73 4 34
87 63 4 35
10 0 4 36
135 93 4 37
93 141 4 38
154 19 4 39
24 188 4 40
42 157 175 157
149 42 4 42
193 85 4 43
45 56 4 44
39 114 4 45
188 78 4 46
174 23 171 125
118 113 4 48
21 19 23 178
71 8 4 50
158 167 4 51
185 199 4 52
44 152 72 20
143 12 4 54
140 41 4 55
50 186 4 56
185 45 4 57
102 88 4 58
94 117 4 59
171 54 4 60
19 24 4 61
14 135 4 62
93 133 4 63
122 16 4 64
182 179 4 65
94 180 4 66
167 175 4 67
186 125 4 68
10 187 4 69
154 187 4 70
9 195 4 71
151 170 4 72
151 194 4 73
187 27 4 74
30 11 4 75
125 106 4 76
38 103 9 181
123 44 4 78
167 199 4 79
54 46 106 129
106 185 34 57
47 179 4 82
175 115 69 149
118 34 4 84
118 62 4 85
100 92 4 86
199 116 4 87
87 17 4 88
163 165 4 89
130 106 4 90
158 102 4 91
189 185 29 131
131 190 4 93
162 89 161 157
120 112 43 12
91 103 4 96
73 69 4 97
193 3 4 98
20 121 4 99
14 88 4 100
164 93 4 101
95 47 4 102
158 23 4 103
60 43 4 104
44 101 4 105
25 134 4 106
94 9 141 43
78 77 4 108
121 144 4 109
21 148 4 110
154 36 4 111
129 176 4 112
60 173 189 98
196 100 4 114
180 146 24 119
130 169 195 97
25 82 4 117
165 39 4 118
158 172 4 119
44 91 4 120
183 64 4 121
135 128 4 122
132 7 4 123
46 196 4 124
120 75 4 125
85 147 4 126
102 155 4 127
166 156 4 128
118 187 4 129
56 24 4 130
48 6 178 97
100 102 4 132
91 163 41 171
39 169 4 134
138 152 4 135
11 26 4 136
28 20 4 137
16 137 4 138
7 180 4 139
193 150 4 140
37 119 4 141
1 22 4 142
163 125 4 143
92 3 4 144
109 33 4 145
68 195 4 146
108 66 4 147
44 191 4 148
68 40 4 149
159 170 4 150
141 14 4 151
178 30 4 152
75 109 4 153
176 93 4 154
150 147 4 155
101 158 4 156
40 142 4 157
136 188 4 158
9 75 4 159
147 10 4 160
23 113 4 161
178 28 15 22
56 22 86 108
196 178 4 164
140 113 4 165
77 81 4 166
99 195 4 167
142 151 4 168
128 46 4 169
35 166 4 170
22 109 4 171
75 158 4 172
136 112 4 173
161 195 4 174
144 141 4 175
43 3 4 176
167 11 4 177
107 22 4 178
124 188 143 143
12 118 4 180
43 13 4 181
38 125 4 182
185 105 4 183
167 169 4 184
143 6 4 185
177 163 4 186
39 144 4 187
17 20 4 188
85 146 4 189
139 40 124 189
65 71 197 158
69 21 4 192
78 55 65 41
36 119 4 194
103 76 4 195
29 43 4 196
188 143 4 197
85 82 4 198
145 44 4 199
30 56 115 177
108 22 5 1
135 88 5 2
145 18 80 143
11 183 5 4
172 86 5 5
84 119 5 6
164 177 5 7
115 98 5 8
77 51 5 9
1 65 5 10
191 89 187 89
44 11 80 127
23 126 5 13
88 191 5 14
198 32 5 15
141 180 5 16
55 146 5 17
104 14 5 18
145 100 5 19
139 63 5 20
86 92 5 21
170 140 5 22
183 178 5 23
76 148 5 24
134 184 5 25
162 130 5 26
105 61 5 27
194 71 5 28
175 10 5 29
100 124 5 30
67 105 5 31
134 103 49 156
121 122 154 14
188 163 72 162
50 26 59 146
173 95 62 86
148 1 5 37
157 195 5 38
105 191 45 110
195 25 5 40
126 138 5 41
133 10 5 42
117 107 5 43
78 194 5 44
35 31 5 45
174 48 5 46
160 107 5 47
148 155 5 48
145 151 5 49
50 181 5 50
60 30 56 46
102 83 5 52
103 0 5 53
152 146 5 54
158 65 5 55
137 110 5 56
154 16 188 182
170 107 5 58
133 156 5 59
158 199 5 60
17 21 5 61
57 166 5 62
178 72 5 63
23 191 5 64
138 162 5 65
159 102 5 66
97 3 5 67
13 39 5 68
25 96 168 149
34 48 5 70
161 187 152 88
106 18 90 111
70 125 5 73
191 46 5 74
9 95 5 75
61 125 157 67
23 5 5 77
114 99 5 78
69 10 5 79
79 163 5 80
134 179 5 81
198 168 5 82
119 67 5 83
129 1 5 84
189 11 89 105
46 45 5 86
15 5 23 68
22 93 5 88
83 55 5 89
113 125 5 90
61 77 132 91
153 43 5 92
18 120 5 93
71 197 5 94
113 86 5 95
95 80 62 79
108 45 5 97
117 140 5 98
6 120 5 99
146 128 5 100
87 80 5 101
86 177 5 102
198 191 5 103
195 182 55 75
16 22 195 57
65 129 5 106
94 193 5 107
104 101 5 108
186 57 5 109
165 0 5 110
20 114 5 111
152 73 5 112
87 42 5 113
184 42 5 114
89 37 5 115
161 144 5 116
121 3 146 154
188 83 10 7
181 111 5 119
175 91 5 120
98 87 5 121
148 45 5 122
23 64 5 123
166 101 5 124
6 88 5 125
82 145 5 126
130 54 5 127
109 19 5 128
183 74 5 129
125 114 5 130
78 142 5 131
42 145 5 132
101 171 5 133
84 12 5 134
18 155 86 142
67 171 5 136
111 46 5 137
144 152 5 138
123 80 5 139
108 98 5 140
186 39 5 141
71 113 5 142
90 71 5 143
183 34 5 144
15 105 5 145
57 144 5 146
37 19 5 147
95 180 5 148
9 167 5 149
34 170 5 150
60 180 146 20
111 35 5 152
158 81 183 31
189 55 5 154
56 162 5 155
114 59 5 156
163 198 5 157
58 82 123 4
132 23 47 66
196 138 74 50
186 20 197 86
37 124 5 162
48 155 5 163
160 197 183 30
45 104 38 196
11 143 5 166
40 11 5 167
106 81 5 168
163 12 5 169
84 18 5 170
4 80 5 171
198 19 5 172
14 196 5 173
31 147 5 174
174 114 5 175
96 50 5 176
48 43 5 177
21 63 5 178
68 0 5 179
103 190 5 180
115 50 5 181
43 47 66 145
76 8 78 152
101 72 5 184
166 68 5 185
162 46 5 186
190 37 5 187
121 76 5 188
33 119 5 189
68 170 5 190
186 120 5 191
120 81 5 192
45 40 5 193
74 64 5 194
195 54 5 195
25 113 5 196
99 90 5 197
88 161 5 198
117 121 5 199
100 109 6 0
16 132 6 1
73 140 6 2
118 13 6 3
87 197 6 4
94 195 6 5
79 144 6 6
25 167 6 7
2 18 6 8
56 115 6 9
33 13 6 10
195 9 196 98
119 51 6 12
39 182 6 13
30 80 6 14
105 122 6 15
47 181 6 16
136 161 6 17
158 192 6 18
79 58 6 19
117 195 6 20
81 192 6 21
188 3 6 22
135 29 6 23
12 185 6 24
78 134 6 25
15 165 6 26
199 63 6 27
105 42 6 28
65 102 6 29
20 88 6 30
105 14 6 31
65 146 6 32
169 161 17 56
120 93 6 34
22 120 6 35
17 73 181 159
132 176 6 37
27 21 6 38
40 80 42 56
170 197 56 5
85 75 34 144
60 95 6 42
133 125 6 43
16 193 6 44
26 174 6 45
139 169 6 46
124 44 6 47
23 189 124 123
180 46 66 67
96 3 6 50
82 79 150 175
76 168 6 52
163 140 6 53
81 15 6 54
154 190 6 55
19 86 6 56
71 125 6 57
113 162 6 58
86 117 6 59
147 110 6 60
66 31 144 178
71 98 101 0
51 126 41 85
76 193 6 64
95 79 6 65
127 38 6 66
183 115 163 127
135 163 6 68
161 187 19 183
168 2 196 71
8 195 192 46
194 103 6 72
137 47 6 73
73 1 6 74
35 100 6 75
179 16 6 76
52 164 6 77
149 131 6 78
72 93 6 79
20 82 6 80
50 40 6 81
130 84 6 82
127 1 67 122
100 55 6 84
162 30 6 85
114 13 6 86
56 135 6 87
125 142 6 88
166 15 6 89
37 21 6 90
150 125 6 91
93 135 6 92
45 5 6 93
134 50 6 94
166 19 6 95
65 192 6 96
49 161 6 97
188 29 6 98
159 185 6 99
182 50 6 100
165 66 6 101
193 169 6 102
41 103 193 124
169 178 6 104
103 138 6 105
117 7 6 106
177 12 6 107
118 97 6 108
117 32 6 109
77 91 6 110
22 182 6 111
128 136 6 112
55 1 6 113
28 44 6 114
26 77 6 115
22 171 6 116
178 184 27 103
196 104 6 118
193 35 6 119
175 34 6 120
109 126 6 121
55 169 70 53
192 29 6 123
145 67 6 124
133 59 149 157
161 78 6 126
79 155 6 127
34 66 6 128
38 100 6 129
190 30 6 130
156 128 6 131
63 40 6 132
14 56 6 133
142 69 6 134
195 199 138 172
117 28 189 9
13 162 6 137
18 198 6 138
150 179 6 139
135 116 6 140
191 104 6 141
83 121 117 67
130 177 6 143
173 190 6 144
144 67 6 145
171 30 6 146
180 61 6 147
126 135 6 148
148 44 6 149
13 46 6 150
16 128 6 151
54 84 6 152
142 127 6 153
16 36 6 154
6 158 6 155
141 197 6 156
149 78 6 157
172 172 6 158
178 124 6 159
153 149 6 160
69 171 6 161
151 145 6 162
155 148 6 163
150 157 96 90
22 27 107 197
105 196 6 166
193 135 67 23
189 26 6 168
26 150 6 169
138 148 6 170
51 61 142 18
147 30 6 172
115 161 6 173
198 13 6 174
183 104 6 175
42 167 6 176
178 11 6 177
82 197 6 178
87 181 6 179
85 109 6 180
117 36 6 181
92 163 6 182
180 11 6 183
75 131 6 184
115 56 6 185
6 69 6 186
138 198 86 114
196 130 35 19
199 111 6 189
21 54 6 190
190 151 6 191
66 48 6 192
149 169 6 193
39 151 162 119
67 34 6 195
109 40 6 196
68 193 6 197
176 157 6 198
193 128 6 199
45 164 7 0
11 48 7 1
110 53 7 2
128 179 7 3
59 105 7 4
32 89 7 5
25 132 7 6
114 67 7 7
149 28 7 8
188 11 7 9
66 62 7 10
150 123 7 11
93 138 7 12
104 57 7 13
123 120 7 14
150 63 7 15
98 67 7 16
128 26 7 17
89 111 7 18
54 157 7 19
55 123 7 20
191 152 7 21
34 109 170 171
161 105 22 150
86 48 7 24
102 19 7 25
98 82 7 26
66 120 7 27
149 62 79 139
169 115 12 45
128 191 25 6
23 93 184 171
181 77 7 32
44 132 7 33
165 101 7 34
90 68 7 35
36 76 7 36
40 8 54 88
128 163 7 38
148 170 7 39
110 71 7 40
46 74 160 170
159 8 183 176
66 166 32 22
71 130 7 44
2 72 7 45
135 27 7 46
14 119 7 47
14 109 7 48
47 13 7 49
154 39 7 50
7 172 7 51
19 83 7 52
137 88 7 53
195 74 7 54
159 14 7 55
197 2 100 88
78 36 40 159
125 191 7 58
159 139 7 59
40 163 7 60
30 19 7 61
109 147 7 62
66 198 7 63
93 75 7 64
16 100 7 65
71 157 7 66
12 104 73 121
73 61 7 68
27 132 7 69
9 173 7 70
159 162 7 71
136 106 7 72
127 43 160 120
69 159 94 117
158 197 7 75
165 51 7 76
171 121 7 77
16 187 7 78
175 188 7 79
95 149 7 80
75 154 7 81
95 105 7 82
86 96 126 161
3 171 7 84
12 46 7 85
95 119 7 86
151 2 7 87
46 72 7 88
161 30 7 89
137 153 7 90
156 29 7 91
187 9 7 92
103 94 7 93
140 69 7 94
121 60 7 95
179 152 7 96
72 127 7 97
164 49 7 98
148 41 7 99
57 90 7 100
126 17 7 101
109 147 69 170
155 111 7 103
58 195 7 104
63 163 7 105
59 141 7 106
6 69 121 180
32 47 7 108
157 100 79 144
42 1 7 110
138 39 85 137
63 7 36 176
10 133 7 113
124 107 7 114
197 22 7 115
91 177 7 116
180 103 75 108
111 114 7 118
161 117 7 119
181 36 185 135
149 133 7 121
182 73 7 122
140 112 22 76
171 18 7 124
109 108 7 125
136 190 7 126
117 57 7 127
77 79 7 128
125 107 7 129
150 113 7 130
42 12 7 131
128 63 158 79
189 18 7 133
3 134 7 134
64 158 7 135
156 157 7 136
175 137 7 137
83 181 7 138
199 171 7 139
186 69 7 140
137 57 128 107
152 166 22 35
195 173 35 187
192 54 7 144
120 185 7 145
173 25 7 146
37 197 7 147
170 177 7 148
102 169 7 149
76 104 7 150
181 53 7 151
39 186 7 152
96 127 7 153
35 47 7 154
125 69 120 182
189 57 75 143
94 66 7 157
20 119 7 158
60 51 7 159
155 62 7 160
73 74 7 161
87 50 7 162
149 105 7 163
122 195 7 164
88 104 7 165
14 34 7 166
83 157 7 167
188 21 7 168
57 74 7 169
2 68 7 170
104 165 7 171
189 58 27 145
12 57 7 173
133 194 7 174
89 97 7 175
182 145 7 176
199 45 7 177
152 139 7 178
68 103 7 179
65 108 7 180
72 15 45 129
197 85 7 182
48 198 181 13
170 41 7 184
57 98 182 180
190 44 7 186
82 149 7 187
141 105 7 188
169 163 7 189
28 91 7 190
99 162 7 191
21 88 7 192
190 191 7 193
7 107 7 194
52 113 7 195
137 98 7 196
137 160 7 197
196 16 7 198
11 106 7 199
191 196 8 0
55 134 8 1
133 0 8 2
161 2 8 3
79 191 8 4
134 113 8 5
49 85 8 6
172 192 8 7
47 88 8 8
38 51 8 9
72 14 8 10
123 85 8 11
31 198 8 12
30 4 8 13
8 162 170 23
0 100 8 15
148 52 8 16
107 139 8 17
26 90 8 18
181 70 8 19
91 51 8 20
154 110 8 21
191 175 8 22
69 30 8 23
124 62 8 24
122 154 8 25
120 35 8 26
159 94 8 27
16 50 8 28
82 157 8 29
80 181 8 30
13 118 8 31
124 115 8 32
194 12 144 74
165 99 8 34
14 96 8 35
65 12 8 36
120 24 8 37
117 26 8 38
83 58 8 39
153 8 8 40
171 83 8 41
8 170 8 42
158 133 8 43
156 189 8 44
26 185 8 45
73 145 8 46
12 16 8 47
118 195 8 48
144 161 8 49
164 103 8 50
37 63 197 108
99 60 177 181
15 170 193 140
80 167 8 54
148 178 8 55
54 90 8 56
181 42 8 57
170 19 37 97
20 94 124 24
39 23 84 179
28 25 45 29
57 12 8 62
91 19 8 63
92 188 8 64
165 151 8 65
112 102 8 66
38 47 117 137
85 39 8 68
167 88 8 69
68 77 8 70
46 146 8 71
196 34 8 72
168 69 110 155
146 56 76 173
178 115 8 75
43 116 117 81
81 49 8 77
199 179 8 78
140 114 8 79
112 149 8 80
155 198 8 81
109 69 8 82
193 117 8 83
77 15 8 84
120 22 8 85
172 187 8 86
168 18 120 42
134 94 8 88
68 129 8 89
144 179 8 90
195 5 8 91
87 31 8 92
144 139 8 93
143 44 8 94
156 87 8 95
160 147 28 187
86 86 8 97
110 37 8 98
80 180 8 99
122 37 8 100
135 113 8 101
112 182 8 102
155 84 8 103
78 108 8 104
88 27 8 105
174 49 60 170
103 107 46 99
14 127 49 26
146 168 65 41
66 28 136 92
199 21 8 111
129 162 8 112
87 109 8 113
165 191 140 19
177 159 8 115
159 140 8 116
99 189 8 117
137 122 8 118
68 125 165 80
138 173 8 120
86 148 8 121
96 44 8 122
144 42 8 123
46 124 8 124
76 123 8 125
154 141 8 126
109 197 101 24
149 25 8 128
110 145 8 129
167 36 8 130
38 34 8 131
189 153 8 132
162 181 8 133
28 63 8 134
108 189 8 135
158 35 8 136
184 142 8 137
146 6 8 138
65 19 8 139
17 193 8 140
100 126 8 141
70 12 8 142
140 61 8 143
78 33 8 144
113 135 8 145
179 182 8 146
172 144 8 147
186 2 8 148
69 179 8 149
69 127 8 150
91 100 8 151
4 179 8 152
7 158 8 153
41 112 145 155
156 13 94 190
76 46 180 106
95 188 8 157
105 114 8 158
30 85 155 167
55 145 121 74
146 47 8 161
45 105 8 162
116 176 120 41
186 119 41 166
185 63 8 165
146 43 8 166
94 138 8 167
38 93 8 168
167 160 8 169
128 5 8 170
137 175 8 171
113 155 8 172
58 156 8 173
103 2 8 174
146 3 8 175
32 125 8 176
140 87 8 177
22 131 8 178
106 111 8 179
36 198 8 180
67 119 8 181
166 7 8 182
49 132 8 183
19 21 8 184
133 76 8 185
50 95 8 186
93 198 8 187
11 149 8 188
88 151 8 189
97 198 8 190
74 99 8 191
102 135 8 192
161 98 8 193
178 148 8 194
103 183 131 60
32 91 8 196
137 7 8 197
49 185 89 185
78 25 8 199
163 60 81 4
172 93 9 1
123 138 9 2
99 58 9 3
16 181 9 4
27 100 9 5
97 55 9 6
195 194 9 7
19 136 9 8
24 182 9 9
86 0 9 10
106 77 9 11
138 181 9 12
95 2 9 13
197 197 9 14
135 5 9 15
106 44 9 16
120 29 9 17
103 89 9 18
6 142 9 19
33 74 9 20
14 133 9 21
119 150 9 22
47 128 33 3
176 48 16 183
122 166 9 25
53 97 9 26
73 83 9 27
9 110 9 28
193 38 9 29
62 156 9 30
126 58 9 31
94 167 9 32
49 128 9 33
172 117 9 34
28 37 98 167
54 3 54 140
148 27 189 111
181 9 9 38
135 84 9 39
177 160 159 54
188 180 9 41
168 107 9 42
29 189 9 43
190 20 9 44
150 167 9 45
68 186 9 46
181 7 9 47
164 153 9 48
147 78 138 181
56 165 9 50
36 93 9 51
105 13 9 52
179 56 9 53
15 137 9 54
153 47 28 79
133 59 23 113
80 165 50 16
168 45 9 58
69 104 9 59
159 171 9 60
50 3 9 61
120 195 9 62
187 119 9 63
162 195 9 64
169 55 9 65
7 181 9 66
63 77 9 67
134 185 9 68
14 36 9 69
9 164 9 70
132 131 9 71
164 12 34 74
38 134 9 73
163 143 9 74
111 113 9 75
40 198 9 76
120 86 9 77
164 145 9 78
175 75 9 79
45 42 9 80
34 161 9 81
144 91 12 120
132 125 15 185
188 187 153 23
121 21 9 85
47 8 9 86
109 44 9 87
180 10 9 88
113 32 124 132
137 102 9 90
168 164 9 91
134 12 9 92
188 195 9 93
119 175 9 94
187 37 9 95
44 124 9 96
147 61 70 184
139 170 9 98
22 22 124 192
162 15 9 100
47 133 9 101
100 82 9 102
178 157 9 103
142 122 9 104
69 168 9 105
71 86 9 106
187 137 9 107
148 139 9 108
139 175 9 109
61 174 9 110
109 60 9 111
49 174 9 112
159 49 9 113
195 167 9 114
39 6 83 152
104 29 30 152
174 139 9 117
168 87 9 118
163 17 9 119
188 94 9 120
28 85 9 121
128 134 9 122
182 90 68 155
161 147 9 124
125 36 9 125
80 185 190 33
176 33 197 21
95 63 167 186
99 174 9 129
97 79 9 130
190 47 9 131
110 167 9 132
41 20 9 133
44 48 9 134
132 74 9 135
84 96 9 136
65 65 9 137
166 128 9 138
106 121 9 139
13 152 111 70
96 43 9 141
59 85 9 142
10 23 9 143
5 159 9 144
111 19 9 145
104 139 9 146
86 105 123 28
181 106 9 148
108 179 9 149
188 60 81 87
94 180 142 106
55 73 145 28
84 16 9 153
39 136 9 154
143 58 9 155
118 133 9 156
71 40 9 157
48 97 9 158
59 168 9 159
193 130 9 160
124 124 9 161
167 112 9 162
159 66 9 163
197 53 9 164
76 163 9 165
94 185 9 166
194 121 9 167
130 127 9 168
109 135 9 169
50 100 9 170
106 93 9 171
161 56 9 172
78 183 111 25
18 186 9 174
183 147 9 175
26 195 9 176
166 42 9 177
13 6 9 178
108 152 9 179
158 159 9 180
51 41 9 181
6 51 126 67
158 180 9 183
164 6 9 184
97 133 9 185
154 98 9 186
52 173 9 187
123 116 9 188
195 118 9 189
96 138 9 190
188 0 9 191
16 87 9 192
167 110 9 193
102 74 9 194
33 14 164 28
78 37 138 56
149 139 9 197
191 188 9 198
115 22 9 199
118 73 10 0
0 107 10 1
109 98 24 66
191 197 52 174
144 85 10 4
41 144 10 5
46 84 10 6
114 56 10 7
26 128 76 107
28 123 35 158
31 104 10 10
151 8 10 11
74 22 10 12
35 137 10 13
169 179 125 50
31 157 10 15
7 37 10 16
116 59 10 17
55 141 10 18
28 97 10 19
10 138 115 62
32 24 169 188
51 197 10 22
191 148 10 23
92 6 10 24
52 79 10 25
59 151 103 47
145 138 10 27
158 198 10 28
122 139 23 105
34 50 10 30
170 179 10 31
64 170 134 1
183 44 10 33
177 39 10 34
139 121 10 35
177 140 80 66
83 66 10 37
127 40 10 38
160 47 10 39
48 133 10 40
153 83 10 41
117 66 10 42
189 35 194 30
166 159 10 44
132 58 10 45
26 66 10 46
117 148 10 47
114 18 10 48
74 51 10 49
138 192 10 50
24 23 10 51
106 153 10 52
97 169 10 53
144 129 10 54
121 41 10 55
63 109 171 117
76 187 10 57
164 43 10 58
139 173 10 59
100 197 10 60
56 33 66 116
161 1 10 62
56 163 10 63
162 152 10 64
75 168 10 65
95 154 10 66
171 15 10 67
125 98 10 68
154 149 10 69
115 151 10 70
74 38 10 71
32 115 10 72
31 91 136 21
52 86 10 74
113 90 10 75
118 165 10 76
145 117 10 77
113 80 10 78
92 168 23 52
86 178 10 80
10 9 10 81
37 14 185 133
153 50 116 94
90 192 195 62
65 96 70 9
186 5 65 95
82 5 10 87
116 17 10 88
55 23 10 89
148 32 10 90
120 177 10 91
161 188 10 92
167 144 10 93
186 86 10 94
178 147 10 95
80 169 10 96
68 9 10 97
39 94 10 98
19 137 142 74
197 15 10 100
38 135 113 22
81 14 10 102
100 135 10 103
137 85 10 104
164 117 10 105
23 181 10 106
36 199 10 107
184 197 10 108
2 45 10 109
20 124 10 110
26 4 10 111
176 45 10 112
91 30 10 113
127 35 114 35
26 139 123 63
168 108 72 192
160 125 10 117
28 196 10 118
79 97 10 119
144 172 10 120
107 50 10 121
167 48 10 122
87 147 10 123
84 144 10 124
197 166 103 80
41 98 10 126
71 57 10 127
55 149 10 128
154 127 10 129
11 160 10 130
27 191 141 83
180 124 10 132
121 6 10 133
199 107 10 134
151 131 10 135
142 60 10 136
57 20 10 137
183 151 58 42
50 84 173 119
163 182 52 169
14 153 10 141
86 101 10 142
118 47 10 143
75 123 10 144
152 158 10 145
108 122 10 146
107 134 10 147
40 27 10 148
112 7 10 149
102 117 10 150
185 110 192 159
176 94 10 152
45 150 95 3
174 37 10 154
160 175 10 155
190 117 10 156
68 2 10 157
178 21 10 158
78 4 10 159
22 172 186 134
174 1 10 161
82 192 10 162
181 116 10 163
48 164 10 164
3 174 10 165
43 148 142 118
150 179 30 14
38 31 46 136
171 187 10 169
153 155 10 170
128 65 10 171
19 177 10 172
123 97 10 173
27 74 10 174
117 10 10 175
106 197 10 176
165 149 10 177
37 1 10 178
139 55 10 179
111 81 10 180
198 154 10 181
127 48 10 182
146 35 10 183
45 39 10 184
198 174 77 6
158 95 10 186
48 59 10 187
64 190 46 183
169 89 10 189
31 90 10 190
190 9 10 191
157 165 10 192
85 28 10 193
26 178 189 115
139 167 175 32
100 1 10 196
90 70 10 197
106 152 53 73
84 180 186 112
157 190 188 194
84 111 11 1
138 16 11 2
87 39 11 3
151 150 11 4
51 8 11 5
184 141 11 6
17 180 11 7
174 140 11 8
126 61 11 9
64 157 11 10
136 94 11 11
122 189 11 12
176 36 11 13
15 72 11 14
177 196 11 15
24 36 11 16
177 148 48 178
15 173 11 18
46 44 11 19
53 22 11 20
118 77 11 21
25 184 151 49
96 100 11 23
193 47 11 24
33 51 11 25
69 66 11 26
127 131 11 27
151 151 11 28
16 18 11 29
167 42 11 30
156 9 11 31
50 116 11 32
148 131 11 33
81 71 11 34
95 127 11 35
57 33 11 36
98 177 11 37
105 189 11 38
138 195 11 39
41 49 11 40
154 88 11 41
146 133 11 42
117 155 11 43
29 74 11 44
121 107 11 45
189 150 11 46
121 165 11 47
188 169 11 48
188 6 11 49
142 11 11 50
50 196 167 81
118 176 54 130
89 84 11 53
171 123 11 54
182 66 11 55
186 163 11 56
182 78 11 57
35 63 11 58
144 127 11 59
11 139 124 115
16 167 58 100
55 127 11 62
37 27 11 63
48 74 11 64
70 66 11 65
125 27 11 66
189 89 11 67
91 145 11 68
68 32 11 69
112 195 11 70
20 26 11 71
87 95 11 72
169 40 11 73
22 167 11 74
55 27 11 75
77 85 11 76
85 144 11 77
106 82 11 78
35 30 11 79
39 191 11 80
134 198 11 81
174 177 11 82
121 191 11 83
72 73 11 84
167 190 154 114
1 180 11 86
154 133 171 50
53 187 11 88
143 110 11 89
199 142 11 90
37 58 187 91
96 180 11 92
190 58 11 93
159 53 11 94
100 34 11 95
90 108 11 96
72 128 11 97
129 102 11 98
22 75 11 99
19 153 11 100
28 183 61 33
101 132 100 85
140 145 11 103
183 167 11 104
124 140 11 105
132 77 11 106
188 133 11 107
30 174 11 108
22 74 11 109
112 125 11 110
133 11 11 111
84 197 11 112
176 21 11 113
48 105 158 101
174 146 71 136
171 167 148 134
191 193 11 117
182 154 11 118
87 20 111 75
198 169 61 135
156 172 15 174
197 182 11 122
34 181 11 123
36 196 11 124
100 37 11 125
197 74 11 126
127 83 11 127
139 172 11 128
57 87 11 129
19 116 11 130
156 147 11 131
59 51 11 132
86 22 11 133
36 183 11 134
95 21 162 174
49 11 72 139
46 90 11 137
152 109 11 138
183 102 11 139
21 61 106 121
36 171 114 12
196 57 11 142
16 104 11 143
122 89 11 144
118 10 11 145
41 110 11 146
137 45 11 147
189 95 11 148
118 129 11 149
137 10 11 150
170 5 11 151
183 148 56 41
97 24 38 170
80 147 11 154
112 198 11 155
157 20 11 156
184 187 11 157
172 46 11 158
186 64 11 159
113 70 11 160
147 11 11 161
144 15 11 162
45 96 11 163
59 127 11 164
31 30 11 165
30 195 11 166
96 63 11 167
198 27 11 168
129 148 11 169
16 188 11 170
54 92 11 171
106 131 11 172
192 28 11 173
89 145 11 174
137 178 11 175
81 190 11 176
188 17 62 95
62 124 11 178
19 6 11 179
51 198 11 180
162 23 79 88
55 90 11 182
185 24 11 183
176 117 11 184
21 133 11 185
153 144 11 186
34 70 11 187
80 153 11 188
166 118 11 189
57 76 11 190
162 158 11 191
170 197 104 47
115 29 11 193
30 101 11 194
121 51 11 195
172 158 11 196
191 145 11 197
161 100 11 198
154 139 11 199
187 45 12 0
197 165 12 1
184 192 12 2
138 114 12 3
77 148 12 4
116 112 12 5
188 105 12 6
189 163 12 7
134 150 82 135
162 117 43 56
99 182 12 10
175 40 12 11
182 175 12 12
132 147 12 13
91 21 12 14
49 17 12 15
19 179 12 16
34 106 12 17
100 4 12 18
93 121 12 19
87 74 12 20
127 130 12 21
30 137 12 22
172 182 12 23
23 179 12 24
90 125 12 25
158 47 12 26
193 141 12 27
49 125 12 28
154 108 12 29
199 7 12 30
92 64 12 31
105 3 12 32
117 87 12 33
179 99 12 34
149 158 12 35
149 146 12 36
95 73 12 37
85 67 12 38
53 21 179 15
184 118 12 40
117 171 12 41
56 26 12 42
62 0 12 43
98 66 12 44
121 95 12 45
44 167 12 46
132 133 12 47
150 140 12 48
163 171 12 49
66 164 12 50
148 165 12 51
12 140 74 80
158 117 12 53
100 97 12 54
37 18 12 55
158 57 12 56
171 150 12 57
87 65 12 58
47 175 134 106
6 126 12 60
27 33 101 187
69 109 12 62
142 102 12 63
187 150 12 64
39 168 160 96
137 38 12 66
42 58 12 67
33 76 12 68
121 99 12 69
14 81 12 70
161 86 12 71
185 94 12 72
33 55 12 73
13 7 12 74
41 22 12 75
187 143 12 76
118 176 145 182
104 40 111 24
193 90 12 79
27 15 12 80
41 185 12 81
160 11 12 82
134 9 12 83
9 82 12 84
135 155 12 85
61 10 12 86
78 60 12 87
80 152 12 88
23 8 146 187
173 23 125 145
119 100 12 91
184 62 12 92
12 191 12 93
75 198 12 94
164 46 12 95
171 68 12 96
18 63 12 97
182 44 12 98
156 22 12 99
74 114 12 100
189 154 12 101
42 19 12 102
86 17 12 103
127 94 195 31
143 132 12 105
157 10 65 144
104 1 12 107
74 111 12 108
72 54 12 109
58 14 12 110
55 86 124 118
153 163 12 112
70 96 12 113
141 48 12 114
67 196 66 48
41 180 31 4
124 44 195 8
125 176 12 118
132 133 77 133
91 44 96 95
48 95 157 167
94 21 96 126
69 190 132 10
162 44 12 124
120 135 12 125
106 155 12 126
128 60 12 127
113 20 12 128
141 10 94 171
94 74 12 130
32 177 12 131
169 51 12 132
161 22 12 133
161 170 12 134
180 84 12 135
97 36 12 136
20 51 12 137
138 67 12 138
10 198 12 139
18 98 12 140
198 84 12 141
196 5 12 142
96 130 12 143
106 82 21 5
13 46 98 188
100 130 12 146
164 134 12 147
182 28 12 148
76 146 12 149
156 91 12 150
26 13 12 151
97 4 12 152
3 186 12 153
133 183 12 154
174 148 62 162
176 40 191 102
120 150 12 157
197 97 12 158
142 139 12 159
49 106 12 160
56 15 12 161
191 98 12 162
83 64 12 163
68 39 12 164
140 49 12 165
36 54 12 166
173 164 12 167
117 157 12 168
187 87 12 169
57 7 12 170
124 164 12 171
101 26 12 172
38 101 144 147
83 170 41 38
6 103 12 175
54 34 12 176
196 116 12 177
105 6 12 178
108 163 66 35
40 159 194 161
155 10 93 158
191 136 12 182
82 110 12 183
15 139 12 184
58 34 12 185
176 66 169 125
103 133 12 187
85 86 12 188
188 34 12 189
165 78 12 190
186 59 12 191
41 199 143 116
116 175 12 193
119 41 12 194
182 47 12 195
47 180 12 196
109 86 12 197
113 144 12 198
175 107 12 199
187 194 28 41
16 153 6 67
48 127 165 2
160 32 13 3
174 3 64 22
137 151 13 5
179 55 13 6
31 29 99 139
193 17 13 8
31 6 13 9
194 154 13 10
189 155 13 11
123 59 13 12
34 91 13 13
115 110 13 14
167 7 119 86
54 184 13 16
53 161 13 17
166 72 13 18
147 86 61 118
98 126 13 20
111 16 13 21
119 2 13 22
197 29 13 23
192 93 13 24
61 75 13 25
0 148 13 26
52 163 13 27
106 94 13 28
185 167 13 29
120 118 13 30
12 8 13 31
18 122 13 32
4 191 13 33
119 50 13 34
133 178 115 10
132 108 13 36
99 3 13 37
110 97 13 38
35 122 13 39
173 150 13 40
155 175 146 91
41 19 196 118
146 98 13 43
130 79 13 44
65 177 13 45
44 153 13 46
120 94 13 47
181 5 13 48
33 154 13 49
105 28 11 51
107 60 13 51
90 100 13 52
37 166 13 53
180 143 13 54
117 170 13 55
37 21 184 98
165 136 13 57
197 19 161 143
106 145 13 59
54 106 13 60
149 120 13 61
126 25 13 62
66 80 13 63
51 1 13 64
152 175 13 65
189 23 13 66
173 189 13 67
196 110 120 34
168 145 115 82
15 23 68 144
173 103 13 71
180 90 26 124
108 12 13 73
113 196 13 74
140 85 13 75
93 19 163 95
70 91 110 190
130 85 13 78
119 158 13 79
164 167 13 80
46 1 13 81
93 151 13 82
100 178 13 83
183 131 13 84
155 146 13 85
136 140 13 86
131 166 13 87
89 72 13 88
174 45 13 89
58 27 3 104
43 157 13 91
3 92 147 186
186 55 13 93
94 165 13 94
155 177 13 95
131 20 13 96
35 79 13 97
94 69 13 98
124 58 13 99
57 80 159 155
70 129 115 149
136 80 13 102
105 58 13 103
167 114 13 104
170 79 13 105
25 29 13 106
160 182 13 107
199 118 13 108
69 138 13 109
136 147 13 110
85 142 13 111
134 4 13 112
153 70 13 113
42 37 13 114
49 130 13 115
112 101 13 116
127 152 13 117
199 27 13 118
164 130 13 119
100 66 13 120
151 32 13 121
142 96 13 122
69 21 58 72
112 112 13 124
126 47 13 125
52 101 13 126
164 59 13 127
139 174 13 128
143 141 13 129
189 142 13 130
188 30 13 131
117 24 13 132
59 46 13 133
88 82 13 134
21 109 199 132
96 91 13 136
42 155 13 137
62 199 13 138
115 5 13 139
104 184 13 140
151 185 13 141
189 43 13 142
90 30 13 143
185 52 95 159
152 86 13 145
177 36 13 146
92 13 13 147
82 118 13 148
7 84 13 149
188 36 13 150
162 166 13 151
40 3 13 152
159 69 13 153
114 1 13 154
98 17 13 155
65 196 13 156
30 180 13 157
154 3 192 103
19 40 7 107
44 31 26 59
70 19 13 161
68 176 13 162
174 24 13 163
157 92 13 164
70 77 13 165
173 72 13 166
21 113 13 167
87 126 13 168
36 37 13 169
158 127 13 170
82 63 13 171
98 5 13 172
98 193 13 173
197 84 13 174
13 188 13 175
182 162 13 176
128 65 84 162
88 186 165 40
63 10 13 179
156 86 13 180
47 135 13 181
54 146 13 182
94 33 13 183
192 167 13 184
185 35 13 185
35 1 13 186
10 43 13 187
83 176 13 188
171 20 13 189
42 181 13 190
112 133 13 191
116 51 13 192
178 93 13 193
197 39 13 194
146 157 13 195
25 21 13 196
69 147 13 197
33 58 13 198
51 2 13 199
118 109 14 0
60 63 14 1
5 96 14 2
25 2 14 3
95 104 14 4
102 9 14 5
181 113 14 6
146 134 14 7
2 84 14 8
14 82 189 135
100 70 14 10
179 122 14 11
66 122 14 12
139 185 14 13
36 187 14 14
62 26 14 15
54 71 14 16
56 148 14 17
81 109 14 18
129 27 20 93
62 121 14 20
131 48 14 21
188 148 14 22
143 186 14 23
97 81 14 24
65 183 76 45
102 98 14 26
90 65 14 27
20 86 14 28
86 92 192 35
128 94 14 30
176 198 14 31
106 89 14 32
144 163 14 33
152 121 14 34
196 174 29 32
185 23 14 36
149 199 14 37
116 92 14 38
17 197 14 39
82 134 14 40
173 162 14 41
20 3 14 42
158 56 140 158
38 60 143 173
148 5 14 45
132 184 14 46
185 41 14 47
167 109 14 48
140 51 132 160
118 37 14 50
29 123 133 152
166 120 17 60
151 191 14 53
62 80 14 54
129 97 14 55
64 151 14 56
123 140 14 57
168 37 14 58
65 113 14 59
114 116 14 60
11 85 14 61
146 95 14 62
101 197 14 63
36 36 194 124
134 79 14 65
133 174 14 66
37 148 14 67
14 141 100 13
175 132 14 69
59 14 14 70
77 155 14 71
172 38 14 72
133 167 14 73
5 153 14 74
198 99 120 118
129 69 14 76
23 12 171 173
28 3 14 78
55 175 14 79
79 168 14 80
88 3 14 81
54 39 14 82
142 113 14 83
169 190 14 84
31 10 14 85
188 14 47 55
117 80 14 87
75 93 54 123
149 95 109 35
191 70 68 153
175 179 14 91
83 181 65 27
172 102 14 93
184 99 14 94
2 31 14 95
4 133 14 96
176 96 14 97
195 164 14 98
149 198 14 99
128 183 14 100
81 166 14 101
14 167 14 102
197 73 14 103
143 3 14 104
147 178 112 46
118 131 141 14
199 3 14 107
151 123 14 108
123 43 14 109
197 9 14 110
131 78 14 111
60 5 25 102
187 198 91 91
102 65 14 114
190 72 14 115
147 109 14 116
15 149 14 117
72 157 14 118
76 119 14 119
113 186 14 120
157 179 14 121
84 184 14 122
57 10 14 123
191 150 14 124
20 174 14 125
130 12 14 126
62 193 65 3
195 108 88 124
165 24 14 129
72 104 14 130
48 42 14 131
196 85 14 132
37 59 14 133
188 175 14 134
167 72 14 135
198 129 14 136
162 184 14 137
172 130 14 138
177 73 14 139
39 131 14 140
170 119 14 141
180 172 54 13
72 158 151 86
174 128 14 144
159 181 14 145
157 142 14 146
147 27 14 147
64 169 14 148
9 23 14 149
132 153 14 150
186 127 14 151
124 37 14 152
29 56 14 184
138 113 44 78
78 14 14 155
89 27 14 156
59 89 14 157
160 127 14 158
59 122 14 159
66 177 14 160
131 148 129 89
126 111 14 162
129 169 14 163
191 95 14 164
196 129 161 18
117 193 14 166
118 186 14 167
81 42 14 168
101 78 14 169
183 73 14 170
138 30 14 171
43 5 14 172
133 97 14 173
22 12 14 174
189 45 14 175
97 42 14 176
168 94 14 177
86 123 14 178
103 133 170 43
26 187 14 180
169 5 14 181
20 142 14 182
86 49 14 183
34 52 129 90
30 176 195 110
59 39 14 186
61 36 14 187
121 185 14 188
126 102 14 189
176 129 82 16
193 160 14 191
125 23 14 192
134 155 14 193
63 60 14 194
76 152 14 195
23 53 14 196
19 23 14 197
44 50 14 198
167 142 14 199
188 8 192 181
77 183 15 1
150 197 15 2
147 22 15 3
80 183 15 4
179 114 15 5
43 6 15 6
75 40 15 7
110 191 15 8
169 30 15 9
156 44 15 10
74 165 15 11
65 136 15 12
164 55 15 13
13 42 15 14
142 164 15 15
69 19 15 16
47 153 15 17
94 109 15 18
69 187 15 19
76 143 15 20
115 108 15 21
80 179 15 22
51 86 15 23
65 20 15 24
77 9 15 25
92 147 15 26
3 139 15 27
62 83 15 28
52 159 15 29
116 90 15 30
143 180 15 31
126 105 15 32
75 78 15 33
195 185 15 34
43 101 15 35
154 68 15 36
56 28 108 70
18 126 15 38
82 99 15 39
149 130 15 40
67 54 15 41
21 192 15 42
89 9 15 43
80 12 15 44
32 92 15 45
37 139 15 46
128 81 15 47
133 137 15 48
20 66 76 144
30 10 72 141
172 190 196 0
46 195 29 77
44 1 15 53
34 143 15 54
69 100 15 55
75 12 15 56
168 147 15 57
147 164 186 23
114 115 15 59
39 56 15 60
192 145 20 88
102 50 113 176
163 112 15 63
93 195 15 64
54 176 15 65
116 184 15 66
77 19 15 67
42 59 15 68
147 155 15 69
60 12 15 70
185 182 15 71
111 51 15 72
28 117 15 73
59 23 15 74
96 36 15 75
46 111 15 76
134 41 15 77
185 158 15 78
170 135 15 79
170 127 15 80
92 165 15 81
160 86 15 82
66 130 15 83
86 198 15 84
178 122 15 85
89 184 15 86
99 106 15 87
34 152 15 88
155 59 15 89
69 167 15 90
179 52 15 91
130 43 15 92
53 35 15 93
66 183 27 102
76 83 15 95
119 6 15 96
81 125 15 97
58 154 170 176
88 151 86 37
164 26 15 100
185 93 15 101
160 176 15 102
162 181 33 148
188 110 15 104
117 114 15 105
190 24 15 106
155 108 15 107
31 61 15 108
123 183 15 109
99 138 15 110
193 181 97 133
48 162 15 112
129 127 15 113
93 148 15 114
97 129 15 115
197 94 15 116
112 179 15 117
67 36 15 118
189 53 50 185
30 178 91 141
97 22 15 121
9 196 15 122
114 180 15 123
184 147 15 124
153 27 15 125
167 159 15 126
19 186 15 127
71 180 15 128
149 128 15 129
88 146 15 130
56 0 18 177
142 190 15 132
72 8 15 133
113 144 50 151
145 163 15 135
34 65 15 136
138 101 15 137
45 74 15 138
128 7 15 139
38 97 15 140
55 40 15 141
87 1 15 142
191 72 15 143
95 61 15 144
57 15 15 145
19 169 15 146
143 88 15 147
182 31 15 148
144 175 73 15
43 173 78 162
131 77 15 151
94 37 15 152
158 168 15 153
49 20 15 154
61 5 15 155
108 50 15 156
119 36 15 157
41 8 15 158
35 80 15 159
70 121 15 160
60 14 15 161
180 132 15 162
184 73 15 163
41 10 15 164
1 40 15 165
155 83 15 166
122 84 15 167
159 39 15 168
158 114 15 169
55 68 15 170
113 97 15 171
108 93 15 172
147 14 15 173
116 38 15 174
157 33 15 175
145 47 183 163
51 192 15 177
128 192 66 44
19 131 15 179
67 52 15 180
142 161 105 81
26 25 15 182
190 52 15 183
22 14 15 184
27 14 15 185
181 138 15 186
30 83 15 187
36 99 146 71
153 95 15 189
134 114 15 190
91 87 15 191
123 173 15 192
171 81 187 71
189 161 77 152
10 153 15 195
39 192 15 196
199 123 15 197
90 197 15 198
18 72 15 199
184 81 46 63
130 34 16 1
182 157 16 2
113 68 16 3
126 3 16 4
59 129 16 5
6 194 16 6
119 97 16 7
153 109 16 8
104 27 16 9
75 62 16 10
191 15 16 11
74 83 16 12
157 143 16 13
45 163 16 14
126 152 16 15
36 79 108 87
68 22 16 17
125 194 16 18
146 178 16 19
172 143 16 20
169 87 16 21
126 19 16 22
140 108 16 23
158 151 16 24
187 167 164 116
80 64 53 87
60 52 176 136
89 102 16 28
170 180 16 29
142 4 16 30
86 101 99 19
153 121 16 32
175 68 16 33
30 117 62 175
189 9 170 79
195 186 16 36
54 26 16 37
81 56 16 38
133 176 16 39
68 197 16 40
100 181 16 41
23 76 16 42
105 195 16 43
121 27 124 179
25 26 16 45
86 121 16 46
130 61 16 47
199 99 16 48
187 148 16 49
94 93 16 50
74 89 16 51
96 105 169 147
17 45 114 69
71 86 193 28
186 69 99 17
100 150 152 115
183 181 16 57
22 129 16 58
25 146 16 59
124 102 16 60
194 51 163 185
156 123 16 62
55 82 16 63
155 135 16 64
31 60 16 65
43 187 16 66
81 39 16 67
60 22 16 68
50 10 16 69
47 79 16 70
124 108 16 71
114 170 16 72
45 85 16 73
81 89 16 74
47 123 16 75
62 24 16 76
191 3 16 77
146 48 16 78
40 84 16 79
116 9 144 92
136 14 16 81
25 2 122 132
59 165 16 83
52 66 16 84
33 163 26 15
24 45 16 86
192 52 16 87
154 84 16 88
114 40 16 89
114 25 16 90
1 192 16 91
28 30 16 92
70 197 16 93
65 112 16 94
193 86 111 80
150 34 16 96
127 149 16 97
30 194 16 98
77 64 16 99
133 48 16 100
198 178 16 101
171 0 16 102
63 63 16 103
170 132 16 104
139 8 16 105
147 66 16 106
121 163 16 107
38 35 146 147
198 6 16 109
114 117 16 110
58 170 16 111
109 111 16 112
65 165 16 113
87 192 16 114
104 2 16 115
110 49 16 116
112 128 16 117
150 31 16 118
116 191 16 119
189 86 16 120
125 176 35 23
141 142 16 122
106 133 16 123
111 4 109 99
100 190 16 125
120 64 16 126
177 123 16 127
83 51 16 128
57 19 16 129
158 91 16 130
95 109 16 131
71 151 16 132
137 35 16 133
115 146 16 134
134 144 16 135
84 106 178 147
2 130 16 137
133 186 16 138
119 107 98 59
37 134 69 16
190 198 16 141
32 180 16 142
26 176 52 88
190 26 16 144
100 33 16 145
168 24 16 146
93 62 182 181
66 64 16 148
112 4 77 87
85 135 16 150
150 132 16 151
21 16 16 152
184 164 16 153
192 156 16 154
132 161 16 155
86 124 16 156
153 112 16 157
173 2 16 158
129 15 16 159
171 182 16 160
116 46 16 161
133 14 16 162
193 80 16 163
96 140 16 164
69 189 16 165
161 106 16 166
52 181 16 167
93 88 16 168
167 181 16 169
93 77 16 170
154 166 16 171
115 58 16 172
48 196 16 173
119 28 16 174
84 194 16 175
160 121 16 176
114 157 16 177
54 19 16 178
92 18 16 179
152 182 98 191
36 190 168 161
180 1 16 182
166 178 16 183
135 50 16 184
70 99 113 151
63 34 16 186
186 30 16 187
113 119 16 188
81 51 16 189
167 191 16 190
57 114 16 191
129 138 16 192
134 186 16 193
156 31 16 194
10 83 16 195
148 58 16 196
97 163 16 197
154 99 16 198
153 157 116 114
99 45 17 0
166 37 17 1
65 180 17 2
107 13 17 3
102 28 17 4
57 179 17 5
138 147 17 6
32 42 17 7
158 137 17 8
69 154 17 9
149 148 17 10
126 47 67 128
32 23 166 102
33 12 110 22
140 178 17 14
82 127 17 15
138 171 17 16
93 154 197 32
160 145 17 18
90 71 80 132
193 64 17 20
199 105 17 21
16 95 17 22
130 33 17 23
0 99 17 24
183 100 17 25
116 48 17 26
130 197 17 27
139 132 17 28
83 9 135 145
92 11 61 191
41 140 159 47
147 110 83 140
39 195 76 120
99 166 17 34
134 3 17 35
39 87 17 36
125 95 17 37
114 61 17 38
194 17 17 39
197 178 75 95
137 34 17 41
174 69 17 42
197 115 151 149
132 101 17 44
179 19 17 45
84 65 17 46
125 102 17 47
84 24 17 48
126 117 17 49
145 8 17 50
23 126 118 160
185 188 164 95
109 56 17 53
54 51 17 54
156 46 17 55
150 68 17 56
50 21 17 57
165 114 17 58
171 184 17 59
144 140 89 186
59 132 105 95
58 134 17 62
183 168 17 63
168 29 17 64
72 160 17 65
187 111 80 98
189 3 78 70
173 174 17 68
165 15 17 69
26 9 17 70
36 13 17 71
113 66 17 72
94 143 62 88
137 181 17 74
84 131 17 75
190 86 17 76
95 37 17 77
90 161 17 78
51 190 17 79
138 68 17 80
81 97 17 81
161 29 17 82
118 40 17 83
73 12 17 84
122 41 17 85
198 41 13 160
183 23 47 167
40 29 17 88
161 98 142 176
47 7 17 90
115 1 17 91
83 192 17 92
18 166 166 159
127 81 17 94
69 57 17 95
188 176 17 96
173 24 17 97
131 84 17 98
157 152 17 99
151 199 182 29
80 78 17 101
118 137 17 102
86 106 28 57
158 143 17 104
103 49 17 105
134 121 17 106
184 140 17 107
124 60 17 108
109 101 17 109
26 1 17 110
149 107 17 111
64 24 17 112
81 91 140 33
70 6 17 114
184 32 17 115
49 53 17 116
197 12 17 117
96 9 18 114
42 199 145 31
157 21 44 143
176 58 59 148
134 133 17 122
133 20 17 123
144 1 94 138
39 137 173 155
193 32 17 126
57 52 17 127
192 112 17 128
133 70 17 129
182 141 17 130
169 131 17 131
181 4 17 132
188 81 17 133
128 132 17 134
189 63 17 135
26 66 101 186
192 61 25 88
40 188 174 103
152 159 17 139
132 141 17 140
156 187 17 141
55 173 17 142
130 6 17 143
135 10 17 144
102 90 17 145
158 105 199 111
95 90 17 147
185 9 17 148
44 9 17 149
42 76 17 150
146 51 17 151
157 140 35 101
45 180 17 153
88 41 17 154
84 115 17 155
61 113 17 156
97 34 17 157
89 118 58 168
112 196 91 62
172 141 17 160
130 137 17 161
44 188 198 164
30 38 17 163
123 145 17 164
93 25 17 165
132 199 17 166
35 62 17 167
110 132 17 168
183 4 17 169
153 166 17 170
110 63 17 171
129 147 45 87
35 62 149 187
77 151 152 13
57 23 140 26
93 159 17 176
37 195 17 177
49 10 17 178
128 184 17 179
147 181 17 180
185 89 17 181
159 147 17 182
100 95 17 183
90 22 17 184
132 152 17 185
109 110 17 186
98 54 17 187
94 178 17 188
85 15 17 189
178 194 41 50
108 31 17 191
50 149 17 192
39 174 17 193
51 107 17 194
156 95 17 195
99 192 17 196
27 106 17 197
145 142 17 198
27 134 17 199
25 3 36 3
141 31 55 125
143 72 18 2
178 179 18 3
91 80 18 4
139 199 155 134
120 148 18 6
66 33 19 41
167 158 18 8
195 90 18 9
165 79 18 10
125 141 18 11
186 105 18 12
39 130 18 13
199 6 18 14
129 123 18 15
76 159 18 16
198 123 18 17
114 66 18 18
63 56 18 19
13 101 18 20
87 56 18 21
199 137 18 22
91 42 18 23
115 53 18 24
75 31 173 0
135 193 110 11
121 2 124 103
182 178 18 28
141 40 18 29
89 70 49 184
197 163 18 31
24 175 18 32
142 165 124 40
113 82 18 34
133 111 18 35
85 12 158 70
31 35 67 123
194 116 18 38
51 22 18 39
69 25 18 40
91 128 18 41
134 42 18 42
198 74 18 43
197 61 18 44
47 95 18 45
194 173 18 46
88 193 18 47
90 124 18 48
123 122 18 49
131 57 18 50
150 29 18 51
123 124 197 156
112 6 85 177
178 162 18 54
32 82 18 55
105 75 18 56
57 8 18 57
93 126 18 58
166 6 18 59
51 16 18 60
177 163 81 36
142 43 18 62
113 62 18 63
71 82 18 64
197 46 18 65
44 11 34 33
134 36 18 67
154 128 18 68
150 40 18 69
160 20 18 70
52 157 18 71
185 27 18 72
152 181 67 37
152 68 18 74
124 172 18 75
167 64 18 76
194 176 18 77
80 177 18 78
54 169 18 79
69 185 93 109
147 36 18 89
167 59 190 147
136 34 18 83
45 179 18 84
156 106 18 85
76 124 18 86
70 194 18 87
182 163 18 88
99 127 18 89
92 166 18 90
188 183 18 91
58 181 18 92
84 105 18 93
148 189 18 94
101 123 18 95
81 163 18 96
121 152 18 97
160 36 18 98
39 53 60 141
105 19 18 100
148 99 18 101
94 144 18 102
90 36 18 103
96 185 18 104
35 22 18 105
6 136 18 106
171 178 47 81
147 7 18 108
16 35 18 109
166 142 90 35
80 28 18 111
141 198 18 112
151 140 18 113
63 171 18 114
50 183 18 115
65 64 137 133
10 56 18 117
175 178 18 118
176 196 76 107
111 59 187 145
66 137 117 7
27 190 65 84
113 51 151 12
182 53 18 124
94 72 18 125
40 68 18 126
68 34 18 127
118 31 18 128
165 86 18 129
78 130 18 130
16 199 18 131
94 137 18 132
190 61 18 133
97 5 18 134
99 52 18 135
171 104 44 83
90 168 18 137
178 118 18 138
23 102 18 139
81 1 18 140
137 119 18 141
110 70 18 142
149 32 18 143
139 10 18 144
174 121 18 145
196 153 44 76
143 85 18 147
143 46 18 148
108 50 153 114
116 16 18 150
91 132 18 151
145 150 18 152
89 136 18 153
118 19 18 154
197 36 18 155
152 78 64 31
198 130 18 157
127 47 18 158
92 33 18 159
173 80 18 160
127 180 23 71
101 127 18 162
143 155 18 163
98 144 18 164
89 99 18 165
59 194 18 166
14 179 18 167
101 63 37 195
183 50 38 134
68 196 28 99
31 157 195 174
57 67 21 17
155 77 18 173
189 72 73 120
143 180 196 46
130 81 18 176
70 75 18 177
55 94 18 178
36 151 18 179
183 38 135 113
156 24 18 181
88 106 18 182
8 109 18 183
89 96 18 184
135 123 18 185
92 124 18 186
87 164 18 187
25 197 18 188
192 34 59 110
50 150 138 131
57 86 18 191
174 191 18 192
21 55 18 193
192 193 73 97
125 68 19 195
84 109 18 196
47 0 18 197
64 43 165 62
142 58 155 77
113 82 134 117
94 4 19 1
165 110 19 2
110 57 19 3
199 198 19 4
135 8 19 5
133 123 19 6
119 45 19 7
155 42 19 8
102 91 19 9
185 142 19 10
105 163 19 11
198 44 19 12
95 178 19 13
84 187 19 14
77 182 19 15
21 53 19 16
144 126 19 17
63 148 19 18
104 173 19 19
110 16 19 20
19 155 19 21
109 58 19 22
88 138 19 23
196 92 19 24
77 181 19 25
31 178 19 26
179 24 19 27
59 62 19 28
125 44 19 29
189 31 19 30
24 169 19 31
101 56 19 32
64 128 19 33
85 108 19 34
153 45 19 35
68 140 19 36
29 197 19 37
19 81 19 38
167 9 19 39
176 168 19 40
86 100 19 41
152 130 19 42
29 124 19 43
19 67 19 44
183 51 19 45
162 48 19 46
151 14 19 47
116 26 19 48
84 169 19 49
130 178 19 50
54 35 19 51
76 192 19 52
9 37 19 53
138 33 19 54
79 122 19 55
60 137 19 56
192 8 19 57
194 81 19 58
74 143 19 59
42 29 19 60
174 86 19 61
178 143 19 62
170 161 19 63
142 14 19 64
117 4 19 65
174 126 19 66
135 124 19 67
142 72 19 68
162 80 19 69
74 35 19 70
150 185 19 71
151 31 19 72
30 37 19 73
55 54 19 74
184 188 19 75
180 182 111 144
112 44 19 77
146 54 19 78
25 112 19 79
134 27 52 173
185 101 19 81
55 187 19 82
26 125 186 106
59 190 137 86
108 199 19 85
99 198 19 86
198 2 19 87
106 160 19 88
195 176 33 111
139 46 43 6
147 124 197 54
126 57 165 105
136 11 19 93
118 20 160 70
170 57 19 95
116 133 19 96
44 81 58 120
20 98 180 191
83 144 39 0
195 184 35 62
80 29 135 164
197 191 25 70
110 151 19 103
83 104 19 104
10 168 19 105
183 153 19 106
198 112 19 107
107 53 19 108
54 181 19 109
38 70 19 110
64 168 19 111
165 3 19 112
173 77 19 113
197 176 19 114
152 199 19 115
127 20 19 116
157 45 19 117
159 135 19 118
144 59 19 119
62 127 19 120
67 153 90 177
166 19 83 146
108 187 157 122
162 43 19 124
181 3 19 125
92 76 19 126
132 112 19 127
84 173 19 128
80 77 19 129
73 182 19 130
44 14 19 131
35 35 19 132
59 93 19 133
107 106 19 134
49 91 19 135
196 182 19 136
3 62 19 137
139 79 19 138
104 175 19 139
26 46 62 102
56 176 194 163
186 24 95 60
147 0 83 44
99 195 60 49
79 98 19 145
41 74 19 146
134 120 114 185
190 129 168 189
169 150 96 57
35 176 178 94
146 36 19 151
175 110 19 152
52 96 167 49
21 25 19 154
169 164 19 155
134 0 19 156
77 1 19 157
92 162 19 158
192 33 19 159
89 29 19 160
111 50 19 161
136 46 19 162
11 60 19 163
157 138 19 164
110 178 19 165
80 124 19 166
131 105 19 167
145 191 19 168
50 186 195 106
193 47 116 193
50 17 80 178
198 24 19 172
76 16 19 173
74 142 19 174
188 167 19 175
177 64 19 176
6 187 19 177
143 55 19 178
65 21 81 152
76 194 19 180
151 63 19 181
75 91 19 182
10 114 19 183
101 40 19 184
173 143 19 185
157 121 19 186
106 134 19 187
121 79 19 188
61 131 19 189
143 18 19 190
182 27 19 191
91 32 19 192
103 21 19 193
189 82 19 194
150 94 46 193
87 95 88 24
102 43 19 197
112 191 19 198
32 11 70 110
