0 0 100 100
0 198 101 100
0 2 100 99
199 198 99 100
199 2 102 100
198 199 101 101
197 0 99 101
1 198 99 99
1 2 98 100
0 197 102 99
199 3 101 102
198 198 101 98
198 2 100 103
197 1 98 101
196 0 98 99
2 198 97 100
1 197 103 101
91 168 140 145
162 31 45 95
198 197 101 103
197 2 101 97
195 0 99 103
4 199 98 102
2 197 98 98
197 197 97 99
62 10 136 190
196 198 103 102
196 2 102 103
195 199 102 97
3 197 101 96
2 196 100 105
1 5 99 104
199 6 98 103
198 195 97 98
198 5 96 101
195 2 96 99
194 1 105 101
193 0 103 103
5 198 103 97
5 2 102 96
1 194 101 95
147 42 179 121
0 193 98 104
0 7 96 98
199 7 95 101
198 6 95 99
184 196 49 28
195 197 107 100
194 2 106 101
193 199 104 97
193 1 103 104
7 199 103 96
7 1 102 105
5 3 101 106
2 6 100 107
1 193 100 93
197 194 98 95
196 195 97 96
196 5 95 102
195 196 95 98
194 197 94 101
193 198 94 99
8 1 93 100
6 3 108 100
5 4 107 101
1 192 107 99
1 8 106 102
197 193 105 97
103 184 69 19
196 194 102 106
59 87 72 91
118 89 101 50
193 3 99 107
192 2 98 106
190 0 98 94
10 0 97 105
8 198 96 96
5 5 95 97
3 193 94 102
3 7 93 101
1 191 92 100
93 82 71 149
0 10 108 101
125 135 155 57
199 10 107 98
198 191 106 103
195 194 106 97
193 196 105 104
193 4 104 105
190 1 104 95
8 197 102 93
8 3 100 91
7 4 98 107
6 195 98 93
3 192 97 106
2 9 97 94
1 190 96 95
1 10 95 96
0 11 94 103
199 189 94 97
199 11 93 102
198 190 93 98
197 191 92 99
197 9 110 100
196 192 108 102
194 6 107 97
193 195 106 96
191 197 104 94
191 3 103 93
190 198 102 92
3 109 41 81
189 199 100 110
188 0 99 109
10 198 98 108
6 194 97 107
6 6 96 106
5 193 96 94
4 8 95 95
2 190 94 104
2 10 94 96
158 123 121 58
198 11 93 97
197 190 92 102
195 8 92 98
192 5 91 99
191 196 109 102
190 197 108 103
188 199 108 97
188 1 107 104
11 198 107 96
10 197 106 105
9 196 105 106
168 37 32 19
43 100 195 167
5 192 103 92
5 8 101 110
4 191 100 111
0 187 99 110
196 190 98 91
195 9 97 92
73 48 66 51
191 5 96 93
190 196 95 106
189 3 94 95
188 198 93 96
187 199 91 102
187 1 90 99
13 1 112 100
12 2 111 101
10 196 109 97
10 4 108 104
9 195 107 95
9 5 105 93
4 10 104 108
2 188 104 92
0 186 102 110
30 178 21 154
198 13 100 112
197 188 100 88
197 12 99 111
194 9 98 110
193 192 98 90
192 193 97 109
191 6 96 92
188 3 95 107
187 198 94 106
187 2 94 94
14 1 93 95
12 197 92 104
11 4 92 96
10 195 91 97
95 2 120 163
68 24 57 73
7 192 113 100
6 9 112 99
5 190 111 102
4 189 111 98
1 186 109 104
199 185 109 96
199 15 108 95
198 186 107 94
138 4 63 63
195 11 104 109
194 10 104 91
193 9 103 110
192 8 102 111
191 193 102 89
191 7 101 112
165 134 56 71
190 6 99 112
189 5 99 88
139 162 29 88
106 8 198 65
186 2 97 90
185 199 96 109
16 0 95 92
60 176 183 114
152 27 132 16
11 195 91 104
10 194 90 103
6 190 89 98
5 189 88 101
4 188 88 99
4 12 87 100
3 187 114 100
3 13 113 99
2 186 112 98
0 184 111 103
0 16 111 97
199 184 110 104
197 186 109 105
196 13 109 95
194 189 108 94
193 10 107 107
192 191 107 93
192 9 106 108
191 8 106 92
189 6 105 91
188 195 103 111
187 196 100 86
187 4 99 113
186 197 99 87
186 3 98 88
184 199 97 89
184 1 96 110
197 146 26 193
16 1 94 108
14 3 94 92
165 54 93 54
9 8 93 93
7 10 92 94
6 11 91 105
5 188 90 104
5 12 90 96
3 186 87 101
3 14 114 101
0 183 113 102
199 17 113 98
198 16 112 103
197 15 110 105
196 14 110 95
194 188 108 107
194 12 107 108
191 9 107 92
190 192 106 109
190 8 105 110
189 7 105 90
188 6 104 111
187 5 104 89
186 196 103 112
135 6 28 28
184 2 102 113
183 199 102 87
182 0 101 114
17 199 101 86
17 1 99 114
16 2 99 86
188 160 8 72
195 128 51 45
12 6 96 111
10 192 96 89
10 8 95 110
7 11 94 91
5 13 93 108
4 186 93 92
3 185 92 107
3 15 92 93
1 17 88 97
0 182 87 102
198 183 87 98
198 17 86 99
197 16 85 100
195 186 115 101
189 107 197 158
193 12 114 102
190 191 114 98
190 9 112 104
189 192 111 105
188 193 110 94
31 21 137 184
5 66 179 38
184 197 108 92
183 198 107 109
183 2 107 91
18 1 104 112
17 198 104 88
17 2 102 114
16 197 99 115
16 3 99 85
14 195 96 112
13 6 95 111
12 7 95 89
11 192 94 110
11 8 94 90
10 191 93 109
10 9 92 92
9 10 91 107
8 189 90 106
8 11 88 96
6 187 87 103
6 13 87 97
1 182 86 102
198 182 85 101
197 183 85 99
196 16 84 100
195 185 116 99
58 42 78 169
192 188 114 103
191 11 114 97
189 9 113 104
188 8 112 105
54 35 62 144
184 196 111 94
184 4 110 107
183 3 109 92
182 198 107 110
18 198 107 90
18 2 105 112
17 197 105 88
15 5 104 113
13 7 104 87
117 192 138 125
8 12 102 115
7 187 102 85
7 13 101 84
97 134 117 55
3 183 100 83
3 17 99 116
2 182 98 115
2 18 97 114
1 181 97 86
1 19 96 113
0 180 94 89
0 20 93 110
199 180 92 109
198 19 91 108
197 182 90 93
196 17 89 106
195 184 89 94
194 15 88 105
193 186 88 95
191 188 87 104
29 25 23 83
190 189 86 103
190 11 86 97
188 191 85 102
159 17 79 158
187 192 84 99
185 194 117 101
120 75 78 81
183 196 116 98
183 4 115 103
182 3 115 97
181 198 114 96
180 1 113 105
19 2 113 95
181 83 111 120
17 196 112 94
15 6 111 93
13 192 110 108
12 191 110 92
11 190 109 109
11 10 109 91
10 189 108 110
9 188 108 90
59 75 154 13
8 187 106 88
7 14 105 87
6 185 104 86
4 17 103 115
3 18 102 116
184 89 99 42
0 21 101 117
199 179 99 117
199 21 99 83
197 19 97 115
196 182 97 85
52 17 66 24
194 184 95 113
194 16 95 87
189 11 94 88
188 190 93 111
187 9 92 110
185 7 92 90
182 4 91 91
17 131 16 72
181 3 89 107
179 1 89 93
178 0 88 94
21 199 87 105
21 1 86 104
20 198 85 97
18 196 84 102
15 7 84 98
14 8 83 101
158 168 56 54
92 195 166 72
11 11 118 101
9 187 118 99
5 183 115 96
4 18 114 105
2 180 113 106
1 21 112 107
199 178 112 93
199 22 111 108
198 21 111 92
197 180 110 109
195 182 110 91
194 183 109 90
194 17 108 89
193 184 107 112
189 12 107 88
188 11 106 113
185 8 105 86
169 89 114 44
182 195 104 85
182 5 103 116
38 147 105 155
152 41 163 43
179 198 101 82
178 199 100 119
22 199 100 81
20 197 99 118
20 3 99 82
19 196 98 117
19 4 98 83
18 195 96 115
16 193 96 85
16 7 95 86
13 10 92 89
12 189 91 110
12 11 90 109
177 92 156 137
10 187 88 107
9 186 88 93
6 183 87 106
5 182 87 94
4 181 85 104
3 20 83 102
2 179 83 98
1 178 82 101
1 22 119 101
198 178 119 99
163 189 79 164
196 180 118 98
195 181 117 103
193 183 116 104
193 17 115 105
191 15 115 95
188 188 114 106
187 11 113 107
186 10 112 108
185 191 112 92
185 9 111 91
184 192 110 110
183 7 110 90
182 194 109 89
182 6 108 112
181 5 108 88
91 94 89 128
180 4 107 87
53 21 119 159
24 0 105 85
23 199 104 116
21 197 103 117
19 5 103 83
18 6 99 119
17 193 98 118
58 39 105 150
16 8 96 84
13 11 95 115
12 188 95 85
11 187 94 86
11 13 93 113
10 186 93 87
9 15 92 112
8 184 91 111
7 183 90 110
5 181 90 90
4 180 89 109
3 179 88 108
2 178 88 92
2 22 87 107
1 177 87 93
1 23 86 94
199 176 85 105
198 177 84 104
20 66 138 28
197 22 82 98
196 21 81 99
82 66 125 166
192 183 121 100
190 185 120 101
190 15 120 99
188 187 119 102
23 58 155 167
184 191 118 103
181 194 117 96
181 6 115 106
86 193 17 15
177 2 113 92
175 0 111 90
23 198 110 111
17 28 28 45
27 170 67 186
19 194 108 113
19 6 108 87
17 192 107 114
17 8 106 115
120 152 15 8
101 40 7 167
13 188 105 84
12 187 104 117
12 13 104 83
10 185 102 119
8 183 101 120
6 181 100 121
5 180 100 79
4 179 99 120
4 21 99 80
0 175 98 119
199 25 97 118
198 24 97 82
196 178 96 117
196 22 96 83
195 21 95 116
194 20 92 87
193 181 91 112
193 19 91 88
190 16 89 90
189 185 88 109
189 15 88 91
188 14 87 108
187 187 86 107
187 13 86 93
186 188 84 95
184 190 83 96
179 57 88 26
181 7 80 101
180 6 122 100
177 3 121 101
176 198 120 102
176 2 120 98
175 199 119 103
174 0 118 96
25 199 117 105
68 193 179 18
23 3 116 94
21 195 115 107
21 5 115 93
46 174 112 7
14 12 114 92
112 7 115 96
12 186 112 110
11 185 112 90
10 16 111 111
9 17 111 89
121 186 140 28
7 181 110 88
4 178 109 87
3 23 108 86
2 176 107 115
1 25 106 116
0 174 105 117
0 26 105 83
197 176 104 118
196 177 103 119
193 180 102 120
193 20 102 80
191 18 101 121
189 184 101 79
189 16 99 121
188 185 99 79
112 30 75 175
187 14 97 119
1 113 186 121
184 189 94 84
184 11 93 115
183 190 93 85
182 9 92 114
180 193 92 86
179 194 91 113
178 195 89 89
177 196 88 90
174 199 87 91
174 1 86 108
27 0 85 107
26 1 85 93
25 2 84 94
23 196 83 105
22 5 83 95
21 6 82 104
19 192 82 96
19 8 81 103
17 190 80 102
16 189 78 100
121 3 135 173
13 186 122 101
12 185 122 99
12 15 121 102
47 26 161 68
117 18 21 123
7 180 119 104
6 179 119 96
3 176 118 105
2 175 118 95
2 25 117 106
1 26 117 94
199 27 116 107
198 174 115 92
193 179 114 91
192 180 112 111
191 181 112 89
190 18 111 112
189 17 111 88
188 184 108 115
186 186 108 85
186 14 107 84
184 188 105 82
184 12 103 80
181 191 102 79
181 9 101 122
180 192 100 123
1 60 126 192
177 195 99 78
177 5 97 80
176 196 96 119
176 4 95 118
27 199 95 82
26 2 94 83
25 197 93 116
25 3 93 84
24 196 92 85
23 195 91 114
23 5 91 86
22 194 90 113
20 192 89 112
50 99 156 138
16 12 87 110
15 187 87 90
14 186 86 109
14 14 86 91
36 147 96 35
12 16 84 93
11 183 83 106
11 17 82 95
10 182 81 96
10 18 80 103
5 177 80 97
125 24 165 85
186 116 1 64
198 27 77 100
195 176 124 100
178 69 56 50
165 131 116 42
191 180 122 102
73 31 139 125
32 64 157 60
189 18 119 105
146 141 150 55
188 17 117 93
185 186 116 108
184 187 115 109
184 13 114 90
183 188 113 111
183 12 112 88
47 136 120 38
179 192 110 86
64 120 127 34
116 9 91 151
173 2 108 116
171 0 108 84
28 1 107 83
25 196 106 118
25 4 105 119
183 82 125 159
22 7 104 120
21 192 104 80
20 191 103 121
148 12 132 136
18 189 101 77
17 188 100 76
4 33 111 43
16 187 99 77
16 13 97 121
14 15 96 80
13 16 94 118
12 183 93 117
11 18 93 83
9 20 92 116
8 21 91 115
7 22 90 114
88 63 62 175
5 176 88 88
4 25 87 111
52 10 129 143
3 26 85 91
2 173 84 108
2 27 83 107
1 172 82 106
1 28 82 94
169 161 191 98
199 29 80 104
198 28 80 96
197 27 79 103
196 174 78 102
195 25 78 98
194 176 77 99
194 24 125 100
193 177 124 99
191 179 123 98
191 21 120 105
190 20 120 95
72 8 156 164
188 182 117 108
188 18 117 92
179 94 186 5
182 188 116 91
181 11 114 111
144 172 93 3
65 83 151 103
175 195 112 113
174 196 112 87
41 145 150 110
171 199 110 85
30 0 109 116
29 199 108 117
28 198 107 118
26 196 107 82
26 4 104 79
24 194 103 78
85 40 65 88
23 7 102 77
20 10 101 124
127 170 117 52
15 185 99 76
15 15 97 78
13 183 96 121
12 182 96 79
9 179 94 119
120 198 56 118
0 30 92 83
186 61 44 40
162 164 29 114
193 24 90 115
189 180 90 85
48 162 102 168
187 182 88 113
184 15 87 88
183 186 86 111
182 13 85 110
181 12 85 90
180 11 84 91
179 10 83 108
177 8 83 92
175 194 82 107
147 78 39 145
1 169 106 83
172 3 81 94
170 199 78 97
170 1 77 98
31 0 76 101
30 199 76 99
28 3 75 100
27 196 126 100
26 195 125 101
26 5 125 99
25 6 123 103
23 192 122 96
23 8 121 105
22 191 120 106
21 10 119 93
20 189 118 108
160 13 44 161
18 13 116 110
17 186 115 89
17 14 114 112
21 95 184 148
13 182 113 113
13 18 113 87
3 127 102 177
9 22 112 86
7 24 111 85
6 25 110 116
97 122 149 117
4 27 106 120
3 172 106 80
2 171 105 79
199 31 104 122
198 30 104 78
197 171 103 77
168 107 33 132
196 172 102 76
195 173 99 125
195 27 99 75
193 175 98 76
189 21 97 77
188 180 96 122
188 20 95 121
186 182 94 120
184 16 94 80
181 13 93 81
180 188 92 118
177 191 92 82
177 9 90 84
176 8 89 85
173 5 88 114
171 3 88 86
32 0 87 113
31 199 87 87
30 198 85 111
29 197 84 110
29 3 83 91
28 196 81 107
29 117 130 184
26 6 80 106
25 7 80 94
23 191 79 105
22 190 79 95
20 12 78 96
19 187 77 97
18 186 76 98
17 185 75 99
15 17 126 99
14 182 124 97
178 94 69 197
11 179 123 96
11 21 119 108
10 22 119 92
9 23 118 91
8 176 116 111
51 8 164 153
6 174 114 113
5 27 113 114
113 151 175 122
141 192 33 140
3 29 110 117
2 170 109 82
1 169 108 119
0 168 108 81
198 169 107 120
197 30 105 78
194 173 103 124
194 27 102 75
191 176 101 126
190 177 100 127
188 21 100 73
187 180 99 126
185 182 99 74
184 183 97 124
183 16 97 76
181 186 96 123
93 49 191 39
44 152 72 20
178 11 93 120
174 193 93 80
171 4 92 119
170 197 91 118
169 198 91 82
168 199 90 117
31 198 89 116
29 196 88 85
28 195 87 114
53 125 163 143
27 194 86 87
26 193 85 112
24 191 85 88
24 9 84 89
23 10 83 110
22 189 82 109
22 11 82 91
38 135 134 147
21 12 81 92
114 124 78 8
19 14 79 106
17 184 78 95
15 182 77 104
13 180 76 103
13 20 75 102
12 179 75 98
11 22 74 101
10 23 73 100
94 150 144 3
175 115 69 149
4 29 126 98
3 30 125 103
46 167 129 60
23 114 156 125
199 167 123 95
79 196 78 52
198 32 120 108
195 29 120 92
194 172 119 109
193 27 118 110
147 36 68 154
191 175 117 111
190 24 117 89
189 23 116 88
151 8 45 113
188 22 114 86
187 179 113 115
94 158 28 12
53 182 49 26
185 19 112 84
26 185 153 167
22 131 113 184
178 188 109 119
178 12 109 81
183 82 99 39
172 194 107 121
171 195 107 79
171 5 106 122
169 197 105 123
31 91 17 27
168 2 100 72
167 199 99 73
130 169 195 97
33 199 97 125
13 104 157 127
30 4 96 76
28 6 95 77
27 193 94 122
26 8 94 78
25 191 93 79
24 190 92 120
23 189 92 80
23 11 90 118
22 188 90 82
22 12 89 83
19 185 88 84
18 184 87 115
17 17 87 85
16 18 86 114
15 181 85 113
15 19 85 87
191 21 140 110
13 21 83 89
12 178 80 92
8 127 68 139
11 177 79 93
121 168 133 158
161 48 90 129
8 26 77 105
7 27 77 95
5 29 75 103
4 170 75 97
3 169 74 98
7 117 93 36
1 167 72 100
146 84 127 9
199 34 128 101
198 33 127 98
197 32 126 97
196 169 125 104
193 172 124 105
193 28 123 94
190 175 122 107
190 25 122 93
186 21 121 108
184 181 120 109
183 18 119 110
182 183 119 90
181 184 118 111
179 14 116 113
177 188 116 87
177 12 115 114
176 189 115 86
176 11 114 85
175 10 113 116
174 191 112 117
172 193 111 118
178 95 3 40
99 69 116 24
166 199 108 121
97 170 190 44
35 0 107 122
150 114 108 141
33 2 105 76
37 80 136 33
30 195 103 74
148 33 33 110
26 9 102 73
24 189 101 128
23 12 100 129
135 163 106 26
18 183 99 72
16 181 98 127
125 22 42 58
14 179 95 124
11 176 95 76
11 24 94 77
9 26 93 122
148 117 143 71
7 172 92 121
4 169 92 79
2 167 90 119
36 113 116 176
1 166 89 82
0 35 88 117
198 166 87 116
197 167 87 84
197 33 86 115
195 31 86 85
194 170 85 114
193 171 84 87
193 29 83 112
192 28 82 111
190 26 81 90
188 176 79 108
107 72 48 114
186 22 78 107
2 68 131 152
183 181 75 104
181 183 75 96
180 16 73 102
179 185 73 98
178 186 72 99
32 118 115 141
174 10 128 102
172 192 128 98
171 193 127 103
170 194 127 97
170 6 126 104
169 5 125 105
166 198 124 94
35 199 123 107
35 1 123 93
33 3 122 108
32 4 120 110
31 195 119 111
144 123 20 83
164 30 12 167
29 7 118 88
27 191 117 113
27 9 116 114
24 188 116 86
22 14 115 115
141 186 76 179
20 16 113 83
19 183 112 118
191 59 37 12
17 181 111 119
17 19 110 120
16 180 110 80
15 179 109 79
13 177 108 78
12 176 107 123
12 24 107 77
11 175 106 124
149 147 186 34
8 28 104 74
7 171 103 127
5 31 103 73
1 165 102 128
0 36 101 129
198 35 101 71
134 199 164 126
197 34 99 71
194 169 98 128
192 29 97 127
191 172 95 125
189 26 95 75
82 8 54 52
184 179 92 122
184 21 92 78
183 180 91 121
127 44 46 111
28 55 117 107
179 16 90 80
109 54 157 144
175 188 87 117
161 187 152 88
106 18 90 111
172 191 86 84
171 192 85 85
170 193 84 86
170 7 83 87
15 106 61 168
166 3 82 88
165 198 80 90
36 199 77 93
36 1 76 106
50 184 139 124
33 4 75 95
141 133 67 35
30 193 73 97
28 9 72 102
27 190 72 98
27 10 71 101
26 11 71 99
137 39 83 73
61 77 132 91
21 16 130 101
19 182 129 98
17 180 128 103
17 20 128 97
16 179 127 104
15 178 127 96
42 155 15 164
31 6 109 90
11 26 124 93
10 173 122 109
9 28 122 91
23 82 130 33
8 29 120 89
5 32 119 112
4 167 117 86
35 76 183 74
67 73 71 155
1 164 115 116
197 165 115 84
196 34 113 118
19 61 47 134
22 109 98 172
193 169 111 80
192 170 110 121
190 172 110 79
190 28 109 122
189 173 108 77
189 27 107 124
186 24 107 76
185 177 105 74
185 23 104 127
184 22 104 73
159 140 171 186
182 180 101 70
68 139 179 51
181 181 100 69
180 182 99 130
179 183 99 70
178 184 98 129
177 15 98 71
175 13 95 126
174 188 95 74
173 189 94 125
172 190 94 75
172 10 93 76
49 68 107 51
170 8 92 77
168 194 91 122
168 6 91 78
167 5 89 120
166 4 89 80
165 3 87 118
164 2 86 83
162 0 85 116
37 1 85 84
36 198 84 85
142 18 50 186
32 55 64 170
35 3 82 87
60 180 146 20
26 188 81 88
25 13 80 111
23 185 80 89
176 120 126 44
21 17 79 90
76 152 18 133
58 82 123 4
17 21 75 106
16 178 75 94
16 22 74 95
15 23 73 104
61 182 115 90
10 28 72 97
9 171 131 101
9 29 130 102
8 170 130 98
28 60 46 117
6 32 127 95
5 167 126 106
5 33 126 94
4 166 125 93
4 34 124 92
3 165 123 91
48 133 119 4
0 162 119 113
199 162 119 87
199 38 116 84
108 43 189 68
68 172 63 67
193 32 113 81
97 32 163 128
102 139 114 23
143 72 62 87
184 23 107 125
183 178 106 126
183 22 105 73
182 179 104 128
181 20 104 72
175 145 153 93
179 18 103 71
177 184 102 130
2 85 97 122
174 187 100 132
174 13 99 131
173 188 98 130
41 38 17 131
170 191 93 125
168 193 91 123
91 6 4 90
167 6 90 122
166 5 90 78
165 196 89 121
165 4 88 80
163 198 87 119
35 196 87 81
35 4 86 82
33 194 85 83
32 193 84 116
30 191 83 115
30 9 83 85
29 10 82 114
28 11 81 113
27 12 81 87
26 187 80 112
59 34 59 192
25 186 79 111
24 185 78 90
98 77 185 174
21 18 75 107
19 20 74 106
18 21 74 94
17 22 72 96
16 23 71 103
15 176 70 98
15 24 69 101
12 173 69 99
12 27 68 100
11 172 133 100
10 171 132 99
9 30 131 98
8 31 130 97
7 32 129 96
6 167 128 105
170 61 43 57
17 73 181 159
2 163 126 93
2 37 125 92
199 39 124 109
198 162 124 91
23 49 196 176
197 163 123 90
196 36 122 111
193 33 121 112
192 168 120 113
190 30 119 114
187 173 119 86
187 27 118 115
185 175 117 116
43 73 5 63
183 23 116 83
182 178 115 118
182 22 115 82
181 179 114 119
181 21 113 120
110 14 85 164
58 9 188 84
177 17 111 78
176 184 110 77
20 107 169 53
135 105 45 122
171 189 107 126
169 191 106 127
167 193 105 128
167 7 104 129
166 6 103 130
76 107 101 75
161 199 101 68
161 1 100 67
40 0 99 132
39 199 99 68
38 198 97 130
37 197 96 71
37 3 95 128
5 102 82 145
35 5 94 73
110 2 194 177
34 6 91 124
32 8 91 76
30 190 90 123
30 10 90 77
29 189 89 122
28 12 89 78
25 185 88 121
25 15 87 120
24 184 86 119
22 182 86 81
22 18 84 117
21 181 84 83
21 19 82 115
20 180 82 85
20 20 81 114
19 179 81 86
19 21 80 113
17 177 79 112
15 25 78 111
10 170 77 110
9 169 77 90
6 166 76 91
5 35 75 92
4 164 74 107
184 92 64 8
41 103 193 124
199 160 71 104
84 165 5 46
197 162 70 103
117 179 18 84
71 85 150 47
192 167 69 98
23 100 160 41
27 100 159 91
188 29 67 100
185 174 133 99
185 26 131 103
183 176 131 97
183 24 130 104
182 177 129 105
181 22 129 95
179 20 127 107
177 18 127 93
67 167 29 186
174 185 126 92
172 187 125 91
172 13 124 110
171 188 124 90
169 190 123 111
168 191 122 88
167 192 121 113
167 8 121 87
166 7 120 114
164 5 119 115
162 3 119 85
161 2 118 116
38 197 115 119
152 0 82 132
37 196 113 121
34 7 113 79
32 191 112 122
32 9 112 78
31 10 110 124
30 11 110 76
28 13 109 125
27 14 109 75
14 20 82 118
25 184 108 74
23 18 107 127
21 20 107 73
20 21 106 128
17 176 106 72
16 175 105 129
15 174 103 69
14 173 101 133
14 27 101 67
13 28 100 134
12 171 99 133
7 34 99 67
5 36 97 131
4 37 97 69
2 161 95 129
11 129 56 58
122 182 151 64
1 40 92 126
199 41 91 125
150 157 96 90
196 162 90 76
194 36 89 123
193 135 67 23
192 34 88 122
191 33 87 79
190 32 86 120
81 175 82 20
188 30 85 81
62 26 33 103
185 27 84 82
57 75 172 130
182 24 82 116
181 177 82 84
118 137 27 113
178 20 80 114
177 181 80 86
177 19 79 113
175 17 79 87
173 185 78 112
67 54 160 123
172 14 77 111
181 79 50 140
167 191 74 108
196 130 35 19
166 8 73 107
164 6 73 93
121 55 157 159
135 112 141 80
19 125 85 88
160 198 69 97
171 100 56 114
41 199 68 98
40 198 67 101
40 2 66 100
39 3 135 100
38 196 134 99
37 195 133 102
36 194 132 103
33 9 132 97
32 190 131 104
32 10 130 105
20 22 30 85
27 185 128 107
27 15 126 91
26 16 123 112
25 17 122 87
24 182 121 114
24 18 121 86
23 181 119 116
21 179 119 84
20 22 118 83
19 177 117 118
42 148 6 112
19 189 4 101
16 26 114 121
15 173 114 79
12 30 113 122
167 160 183 19
10 168 112 123
9 167 112 77
9 33 111 124
8 166 111 76
5 37 110 125
4 162 108 127
4 38 108 73
0 158 107 128
169 184 3 58
197 160 105 130
196 39 104 69
194 163 103 132
194 37 102 133
191 166 102 67
64 133 116 74
198 84 52 88
188 31 98 133
187 170 97 132
46 74 160 170
185 172 96 69
184 173 95 130
162 90 87 109
181 24 94 129
137 149 107 135
178 179 93 72
178 21 92 73
177 180 91 126
162 68 27 93
176 181 90 75
175 182 89 76
175 18 88 123
29 65 146 167
172 15 87 78
171 186 86 79
168 189 85 120
167 190 84 81
163 194 83 118
163 6 83 82
162 195 82 117
160 197 81 116
160 3 81 84
159 2 80 115
158 199 78 113
157 0 77 88
42 199 75 110
42 1 75 90
40 3 73 108
39 196 73 92
35 192 71 106
34 191 68 97
34 9 67 102
33 190 67 98
32 189 66 101
32 11 65 100
31 12 136 100
30 187 135 99
29 186 134 102
90 194 17 44
28 185 133 103
28 15 132 104
24 181 130 94
91 19 115 146
189 118 67 156
20 177 128 92
16 171 125 131
18 175 126 90
76 49 170 192
15 172 125 89
15 28 124 112
10 33 123 87
9 34 122 86
79 147 99 122
6 37 120 116
4 161 120 84
3 40 119 83
0 43 118 82
199 157 117 119
199 43 116 120
198 42 116 80
197 159 115 121
196 160 114 122
196 40 114 78
195 39 113 77
177 32 146 108
167 110 104 57
190 34 108 128
187 88 67 25
188 32 107 129
186 30 107 71
185 171 106 130
183 173 105 69
182 26 104 68
181 175 102 134
180 24 101 65
180 103 75 108
177 179 99 135
177 21 99 65
8 60 187 145
175 181 96 132
173 17 96 68
172 184 95 69
157 20 75 190
171 15 93 71
170 186 92 128
168 38 7 68
169 187 91 73
168 12 90 126
167 11 90 74
165 191 89 125
165 9 89 75
163 7 88 124
162 194 88 76
161 195 87 123
160 196 87 77
158 198 86 122
158 2 86 78
57 173 39 46
156 0 84 120
43 199 84 80
40 4 83 81
39 195 81 117
199 151 1 71
38 194 79 115
132 146 97 175
37 7 78 114
34 190 77 113
34 10 77 87
49 67 72 166
32 188 75 111
32 12 75 89
31 187 74 110
31 13 74 90
125 69 120 182
28 16 71 107
27 183 71 93
27 17 70 106
26 18 68 104
24 180 67 97
24 20 66 102
23 179 66 98
23 21 65 101
22 22 65 99
126 14 87 59
20 24 136 99
195 47 138 90
17 27 134 97
16 28 133 104
15 29 133 96
12 168 132 95
11 33 131 94
189 83 5 45
33 93 132 185
7 37 127 110
6 162 127 90
109 69 191 118
5 161 125 112
4 40 124 87
3 159 123 86
1 157 122 115
90 36 78 171
199 156 121 116
198 43 121 84
196 41 120 83
193 162 119 118
193 38 119 82
191 164 118 119
189 34 118 81
188 167 117 120
131 102 127 26
185 30 116 79
184 171 115 122
184 29 114 123
35 27 149 126
180 25 112 75
179 24 110 73
178 177 109 128
100 115 100 40
175 180 108 71
94 33 41 134
171 184 107 70
154 79 102 45
170 15 105 132
166 11 105 68
165 190 103 66
164 9 99 64
59 154 186 55
161 6 98 65
160 195 97 66
158 197 96 67
157 198 95 132
44 199 95 68
44 1 94 131
113 196 55 53
40 5 92 129
39 6 92 71
37 192 91 72
33 188 90 127
33 12 89 74
32 187 88 75
31 14 87 76
28 183 86 77
26 181 85 122
96 48 112 106
22 177 84 121
22 23 84 79
21 176 83 120
192 91 96 3
17 28 82 119
16 171 82 81
16 29 81 82
15 170 80 117
188 53 190 20
9 164 79 116
9 36 77 114
8 37 76 113
6 39 76 87
5 160 75 88
81 33 145 171
3 158 69 106
2 157 69 94
1 156 68 95
143 58 73 90
98 66 94 42
43 144 187 79
198 44 65 98
197 43 64 101
102 40 11 131
193 161 63 100
193 39 138 100
192 162 137 101
192 38 136 98
190 164 135 97
189 35 134 104
188 34 134 96
187 167 133 95
183 29 132 106
182 172 132 94
182 28 131 107
30 139 33 123
175 179 130 108
175 21 130 92
172 105 89 176
172 182 128 90
172 18 127 111
169 185 126 88
165 11 125 113
98 183 50 58
122 164 171 61
163 191 124 86
162 192 123 115
161 193 122 116
146 56 76 173
125 171 104 105
43 116 117 81
115 29 80 70
155 1 116 122
45 199 115 123
43 3 115 77
42 4 114 76
21 114 71 140
41 5 112 126
40 6 112 74
39 193 110 72
28 5 99 55
34 12 108 70
33 13 107 131
31 15 107 69
30 184 105 133
29 183 105 67
40 34 117 19
26 20 103 65
0 183 145 174
25 21 99 63
24 178 98 136
24 22 98 64
22 24 97 65
21 25 96 134
20 174 96 66
20 26 95 67
19 173 93 131
17 171 91 71
14 168 90 128
12 34 89 127
11 165 89 73
10 164 88 126
9 163 87 125
9 37 85 123
0 95 131 34
8 38 84 122
7 161 84 78
6 160 83 79
47 70 85 154
5 159 80 82
5 41 79 117
64 25 115 59
1 155 78 84
0 46 76 114
198 155 75 113
198 45 75 87
196 43 74 112
195 158 73 111
194 41 73 89
28 136 50 69
192 161 72 90
191 162 70 108
154 170 148 57
187 166 69 107
185 32 66 104
184 31 66 96
182 171 65 97
181 28 63 99
179 26 62 100
103 122 124 44
31 96 80 189
175 178 136 97
172 19 135 104
171 182 135 96
171 18 134 105
170 183 134 95
70 13 152 156
168 185 132 107
98 121 55 16
167 14 130 109
135 123 184 118
195 70 64 149
164 11 128 111
163 190 127 112
158 68 30 93
159 6 126 113
132 184 85 25
1 73 151 156
41 112 145 155
155 2 122 83
154 1 121 118
153 0 121 82
47 0 119 120
46 199 119 80
46 1 118 79
45 198 117 122
44 197 116 123
44 3 115 124
186 119 41 166
41 6 114 125
40 193 114 75
39 192 112 127
38 9 112 73
36 189 111 128
35 188 111 72
34 187 110 129
33 186 109 130
33 14 108 131
32 185 107 132
31 184 106 67
31 16 105 134
7 122 39 128
28 19 103 64
24 23 102 137
21 174 101 138
19 28 101 62
170 125 45 89
17 170 98 137
15 168 98 63
14 167 97 136
13 166 96 65
13 34 95 134
12 35 95 66
11 164 94 133
11 36 94 67
10 37 93 68
9 162 92 69
7 40 91 130
43 47 77 163
171 61 74 50
2 155 86 125
44 17 147 10
102 58 29 43
123 56 140 155
163 60 81 4
45 171 57 47
195 157 83 78
191 161 82 121
191 39 81 120
58 76 154 107
188 164 80 119
188 36 80 81
187 35 79 118
185 167 78 117
185 33 78 83
184 32 77 116
183 169 77 84
182 170 76 115
180 172 76 85
177 25 75 86
176 24 73 88
185 68 192 170
170 182 71 90
190 25 38 196
168 184 69 108
167 185 68 93
167 15 67 106
166 14 67 94
176 48 16 183
162 195 22 33
164 12 63 102
163 189 63 98
163 11 62 101
196 133 116 126
158 6 61 100
157 195 139 99
155 197 138 102
154 198 138 98
153 1 137 103
152 0 136 104
48 0 136 96
47 1 135 95
46 198 133 107
43 195 132 92
43 5 131 109
42 194 130 110
41 193 129 111
41 7 129 89
40 8 128 112
39 191 128 88
39 9 127 113
38 190 127 87
196 129 64 25
35 187 125 115
34 186 125 85
35 110 116 98
81 101 136 112
186 98 104 117
28 20 122 118
27 21 122 82
26 178 121 119
24 176 120 120
23 25 120 80
171 60 167 141
22 26 119 79
20 28 118 78
10 132 80 17
18 30 117 77
14 69 164 23
16 32 115 125
15 33 115 75
14 34 113 127
13 165 113 73
29 160 175 38
12 36 111 129
11 37 111 71
8 40 110 130
7 41 109 131
6 158 108 132
6 42 107 133
126 32 49 174
3 45 106 66
0 152 105 135
197 46 105 65
195 44 104 136
194 157 104 64
193 42 103 137
104 106 34 36
189 162 101 61
189 38 99 139
188 163 99 61
184 167 98 138
79 29 58 123
183 32 97 63
184 124 79 28
181 101 13 73
3 119 156 183
174 23 92 132
168 149 15 17
171 20 90 130
170 19 89 71
147 61 70 184
166 185 86 74
166 15 85 125
165 14 84 124
164 13 83 77
163 12 82 122
162 11 82 78
161 10 81 121
34 134 79 75
131 21 41 128
158 193 80 80
157 6 79 119
156 195 79 81
154 3 78 118
191 57 12 84
152 199 76 116
151 0 76 84
48 199 75 115
44 5 75 85
104 29 30 152
41 8 71 89
38 189 70 110
111 56 45 15
36 13 69 91
35 186 68 92
34 15 67 93
32 17 66 106
31 18 66 94
30 181 64 104
30 19 64 96
28 179 63 103
159 161 106 126
99 98 192 112
24 175 60 100
24 25 141 100
23 174 140 101
22 173 140 99
22 27 139 102
21 28 139 98
19 170 138 97
17 168 137 96
17 32 136 105
131 39 14 145
16 33 135 94
15 34 134 107
14 35 133 108
13 36 133 92
163 77 88 32
10 161 130 111
9 160 128 113
86 105 123 28
8 159 127 114
7 158 127 86
188 60 81 87
6 157 126 85
5 156 125 84
3 46 124 117
2 153 124 83
194 70 38 122
1 48 122 81
0 49 121 120
199 151 121 80
50 26 116 176
196 46 119 78
194 44 118 123
5 153 121 27
190 160 115 126
190 40 115 74
189 161 114 127
188 162 114 73
187 37 113 128
190 80 7 31
94 15 52 165
185 165 111 70
185 35 110 131
147 64 100 106
182 32 109 132
178 172 106 65
178 28 104 63
72 139 90 130
176 174 98 61
176 26 97 62
174 24 96 137
173 23 95 136
172 178 95 64
170 180 94 65
169 181 93 66
168 18 92 133
140 173 62 157
165 15 91 68
141 103 181 97
92 143 175 57
162 188 88 129
160 190 88 71
160 10 86 127
156 158 116 154
126 67 87 103
155 195 84 125
155 5 84 75
195 56 86 106
153 3 83 76
151 199 82 77
50 0 81 78
49 199 80 121
48 198 80 79
46 196 79 120
45 195 79 80
45 5 77 118
37 19 48 149
114 72 48 105
42 192 74 85
165 149 111 99
39 189 72 113
38 12 71 112
98 72 102 165
34 16 69 110
33 183 69 90
32 182 68 109
30 180 68 91
28 178 67 108
96 26 38 117
32 108 163 93
24 174 65 106
23 173 65 94
23 27 63 104
66 75 75 131
22 28 62 103
21 29 61 102
19 169 60 101
19 31 59 100
18 32 141 101
17 167 139 103
122 139 23 105
15 165 138 104
1 89 154 62
14 36 137 95
64 2 85 126
10 160 134 108
10 40 134 92
177 140 80 66
9 41 133 91
8 158 131 111
7 157 129 113
6 44 129 87
4 154 128 86
3 153 127 115
2 152 126 116
198 151 126 84
198 49 125 83
196 153 124 118
174 69 112 79
193 44 122 80
190 159 121 121
28 70 161 106
31 41 75 108
185 164 119 123
184 35 119 77
183 34 118 124
179 30 118 76
178 171 117 125
128 35 65 82
176 173 116 74
173 176 115 127
173 24 115 73
171 178 114 128
171 22 113 129
170 179 113 71
170 21 112 130
169 180 111 131
169 20 111 69
168 19 110 68
167 18 109 67
165 16 108 134
89 184 176 114
162 187 107 65
162 13 106 136
35 174 175 136
60 132 169 114
158 191 105 63
157 192 104 138
156 7 104 62
154 5 102 140
153 196 102 60
193 103 36 170
151 2 100 142
150 199 100 58
149 0 99 141
90 192 195 62
49 2 98 140
47 196 98 60
101 1 92 160
46 5 95 137
43 192 94 136
138 189 107 30
149 99 32 36
41 10 91 67
40 11 90 132
37 14 89 69
36 15 87 129
32 181 87 71
32 19 86 128
83 4 17 76
30 21 81 123
29 22 80 122
27 24 79 121
26 25 78 120
25 26 78 80
11 48 4 115
22 29 76 82
21 30 75 117
20 169 74 116
19 168 73 115
18 33 73 85
16 35 72 114
14 163 72 86
14 37 71 87
13 162 68 110
12 161 67 109
26 139 123 63
11 40 65 107
9 42 65 93
7 156 64 94
7 44 63 95
5 46 62 96
4 153 61 97
4 47 60 102
3 48 60 98
1 50 59 99
148 145 14 50
0 51 142 101
196 152 141 102
115 1 49 100
194 154 139 96
194 46 138 95
192 156 136 107
162 137 48 27
190 42 134 109
189 159 134 91
70 174 125 43
187 39 132 89
186 162 131 88
185 163 130 113
50 84 173 119
184 164 129 114
197 99 158 15
182 166 128 85
112 28 89 189
181 167 124 119
180 32 124 81
178 30 122 121
176 172 121 78
154 108 74 154
175 173 119 124
174 174 119 76
174 26 118 75
173 25 117 126
169 179 117 74
168 180 116 127
167 181 115 72
155 161 76 108
165 17 114 71
83 31 113 21
163 15 112 131
22 172 186 134
67 52 59 163
159 189 111 68
157 191 110 67
155 7 109 134
154 194 108 65
70 32 96 175
150 2 106 137
149 199 105 138
51 199 105 62
51 1 104 61
50 198 103 140
49 197 103 60
151 43 82 137
48 196 101 58
87 126 12 99
46 6 99 142
42 10 98 59
40 188 97 140
39 187 96 139
22 100 61 148
35 17 93 64
34 18 92 65
32 180 91 134
31 21 90 133
30 178 90 67
29 177 89 132
26 174 88 131
64 190 46 183
23 29 87 130
21 169 87 70
21 31 86 129
20 32 85 128
18 166 85 72
18 34 84 73
17 165 83 74
16 36 82 125
13 39 81 76
106 152 53 73
84 180 186 112
5 153 76 81
8 70 111 42
11 188 70 161
1 51 73 116
0 148 72 115
199 148 72 85
64 169 43 22
197 150 70 87
197 50 69 88
193 154 68 111
110 53 54 82
187 160 67 90
187 40 66 109
186 39 63 106
185 38 63 94
184 37 62 105
190 118 94 45
182 165 61 104
182 35 60 103
177 170 60 97
175 28 59 102
41 161 4 149
173 174 58 99
172 25 57 100
80 171 153 59
170 177 143 101
167 45 21 83
84 141 179 89
34 38 81 58
166 19 139 105
165 182 139 95
165 18 137 107
162 15 136 108
65 92 127 167
52 2 72 171
158 189 134 110
157 190 133 89
157 10 131 113
20 33 111 93
155 192 130 114
153 6 129 115
151 196 129 85
79 58 149 181
150 3 128 84
149 198 127 117
149 2 126 118
148 199 126 82
21 145 109 29
147 0 122 122
53 0 122 78
52 199 121 123
52 1 120 124
118 176 54 130
51 2 119 75
50 197 118 126
50 3 118 74
49 196 117 127
49 4 117 73
47 194 116 128
47 6 116 72
11 139 124 115
16 167 58 100
44 191 113 69
44 9 112 132
164 145 161 111
42 189 111 67
157 175 186 77
39 186 108 136
37 184 108 64
36 183 106 138
35 18 106 62
34 181 104 140
33 20 104 60
86 17 116 145
31 178 103 59
31 22 102 142
79 37 110 1
29 24 100 144
28 175 100 56
28 25 99 143
27 26 99 57
26 173 98 58
26 27 97 141
23 170 97 59
22 31 95 139
20 167 94 62
20 33 93 137
17 164 93 63
103 15 9 66
17 108 178 119
12 159 91 65
10 157 90 134
10 43 90 66
34 126 119 52
7 46 89 67
89 149 34 77
4 151 87 69
71 189 89 97
3 50 86 70
90 15 125 102
199 147 85 71
199 53 84 128
198 148 83 127
196 150 82 126
193 47 81 75
192 46 80 76
191 45 77 121
190 44 76 80
189 43 74 118
188 158 73 117
41 82 153 22
164 21 182 94
186 40 69 87
184 38 68 112
72 27 172 25
183 37 67 111
182 36 66 110
181 35 66 90
180 34 65 91
179 167 63 107
178 32 63 93
177 31 62 106
176 170 62 94
175 171 60 104
72 73 83 185
170 176 59 103
122 15 191 108
168 178 58 98
171 81 14 131
166 180 56 100
163 17 142 103
162 184 141 104
161 185 140 105
84 16 73 180
157 11 139 106
96 130 67 65
154 192 138 107
172 121 29 49
150 196 137 92
147 199 136 91
155 170 46 118
146 127 78 26
53 1 134 89
146 166 38 74
51 197 132 87
51 3 131 86
50 196 129 116
48 6 129 84
151 37 154 175
17 79 66 182
26 131 166 71
42 12 126 119
109 58 16 38
33 179 124 121
32 178 124 79
32 22 123 78
31 23 122 123
30 176 121 124
30 24 120 125
29 175 119 126
29 25 119 74
28 174 118 127
28 26 117 128
27 173 117 72
25 171 116 129
25 29 115 130
24 170 114 131
24 30 114 69
22 168 111 134
21 167 110 65
18 36 108 63
16 38 107 138
7 192 7 87
13 41 106 139
11 43 105 140
10 44 105 60
9 155 104 141
6 48 103 58
178 118 93 135
3 51 102 57
1 53 101 144
0 146 99 144
0 54 98 143
34 155 79 107
101 171 55 165
152 129 176 67
195 50 95 60
26 47 159 119
193 48 91 136
192 47 91 64
191 46 90 135
16 110 92 178
92 149 161 117
174 187 8 132
183 38 85 130
182 163 85 70
197 178 127 157
177 168 84 71
43 146 151 183
175 170 81 126
72 164 190 194
173 28 80 75
170 25 79 124
168 177 79 76
168 23 78 123
167 178 76 79
166 21 75 80
163 182 74 119
84 61 179 63
159 14 71 84
158 187 70 115
175 63 61 189
156 11 69 86
155 190 67 112
155 10 67 88
54 30 28 100
128 20 56 17
151 6 65 110
146 199 64 91
145 0 63 108
55 0 63 92
54 199 62 107
0 107 120 145
44 11 61 106
43 12 60 105
42 13 59 104
41 14 59 96
39 184 58 103
38 183 57 102
37 18 56 101
73 154 155 140
32 177 145 101
32 23 145 99
31 24 144 102
82 66 84 34
27 172 143 103
25 170 142 104
25 30 140 106
24 169 138 108
24 31 137 109
160 24 101 69
23 32 135 111
22 167 135 89
21 34 134 88
20 165 133 87
17 162 132 114
118 50 73 86
13 158 130 116
13 42 128 118
10 155 128 82
9 154 126 120
9 46 126 80
8 153 124 122
8 47 124 78
7 48 123 123
4 149 123 77
3 52 121 125
2 147 121 75
69 111 143 43
47 175 134 106
197 53 119 127
193 49 119 73
190 154 118 128
189 155 118 72
189 45 117 71
39 168 160 96
184 160 115 131
184 40 114 68
183 161 112 66
182 162 111 135
125 3 100 173
178 166 110 64
48 150 81 51
67 153 7 145
174 170 107 61
129 148 106 155
170 174 105 141
169 175 105 59
168 24 104 58
166 178 103 57
166 22 102 144
11 140 38 9
159 185 101 145
62 33 152 146
157 187 100 54
156 12 99 145
155 189 99 55
155 11 98 56
154 190 97 143
26 45 118 131
173 23 125 145
152 8 96 58
178 111 129 52
149 5 94 140
155 115 29 33
71 175 65 124
54 198 90 136
53 197 90 64
53 3 89 135
52 196 88 66
52 4 87 67
80 24 16 100
49 7 86 68
48 192 85 131
47 9 85 69
45 11 84 130
44 188 84 70
43 187 83 129
43 13 83 71
42 186 82 128
41 185 82 72
55 86 124 118
40 184 81 73
16 1 41 75
39 17 80 74
168 112 59 101
37 19 79 75
36 20 76 122
186 106 111 3
34 178 74 120
33 177 74 80
32 24 73 81
94 21 96 126
69 190 132 10
128 196 21 70
90 165 96 149
5 157 150 36
150 29 98 87
21 35 69 85
63 191 116 144
19 37 67 113
15 159 67 87
14 158 66 112
23 63 138 192
12 44 63 91
11 155 62 92
10 46 61 107
9 153 61 93
6 150 60 94
5 149 59 95
3 147 58 104
2 146 57 103
2 54 56 102
1 145 56 98
156 91 87 65
0 144 54 100
143 31 111 24
198 145 146 101
128 38 60 61
81 14 91 196
102 131 95 171
129 90 83 138
194 51 142 105
193 150 142 95
39 73 32 138
174 148 62 162
191 152 140 107
21 112 91 168
190 47 139 108
139 166 14 105
188 155 138 109
186 43 138 91
185 158 137 90
2 107 25 152
180 37 136 89
179 164 133 86
50 119 154 99
59 121 124 139
176 33 131 116
175 32 130 117
173 30 130 83
172 29 129 118
171 172 129 82
170 173 127 120
183 67 62 136
168 175 126 79
165 178 125 78
134 49 44 116
163 20 124 77
108 163 66 35
162 19 122 125
107 33 70 93
3 197 146 103
160 183 118 71
156 187 116 131
156 13 116 69
155 12 115 132
154 11 115 68
153 190 113 134
153 10 112 135
152 191 111 64
51 55 151 69
151 8 107 140
150 193 106 59
148 195 105 142
14 127 93 91
183 129 81 23
158 167 119 21
144 199 102 145
144 1 101 146
187 194 28 41
55 2 99 146
76 168 49 86
53 196 98 145
174 3 64 22
52 5 97 144
51 194 96 143
132 193 34 129
46 189 95 58
46 11 94 59
44 187 93 140
43 186 93 60
43 14 92 61
42 185 91 138
42 15 91 62
41 16 90 137
40 183 90 63
39 182 89 64
35 22 88 65
33 24 87 66
153 45 102 128
98 126 163 51
30 173 83 130
27 170 82 129
26 31 82 71
25 168 81 128
23 166 80 127
22 35 79 126
147 30 115 107
21 36 78 75
19 162 77 124
132 9 102 34
15 158 76 77
11 154 75 122
10 153 74 121
179 19 165 59
6 51 72 81
160 127 116 59
4 53 70 117
3 146 69 84
3 54 68 85
2 55 67 86
199 143 66 113
56 81 139 199
82 172 30 84
193 51 64 111
191 49 63 90
198 107 34 145
119 180 117 79
188 154 61 108
105 28 11 51
126 179 191 118
20 125 106 7
184 42 59 94
72 109 137 49
179 37 58 95
178 164 57 104
178 36 57 96
29 148 42 0
139 170 63 64
174 168 54 101
174 32 53 100
173 169 147 101
199 53 77 52
166 24 145 103
68 40 164 152
0 160 125 40
162 20 143 105
161 19 142 106
153 163 89 127
159 183 141 93
159 17 140 92
156 14 139 109
154 12 139 91
153 189 138 90
152 190 137 111
93 19 163 95
150 8 133 115
149 193 133 85
147 5 132 84
146 196 131 83
142 0 130 118
52 194 130 82
51 7 129 119
49 9 129 81
47 11 128 120
46 188 128 80
45 187 127 79
44 186 126 122
172 165 101 88
43 15 123 75
42 16 122 126
40 18 121 127
37 21 121 73
36 22 120 128
90 79 24 118
34 187 21 34
34 176 117 131
33 175 117 69
188 175 21 45
31 27 112 136
153 42 185 90
29 171 111 137
28 30 111 63
27 31 110 138
26 168 109 139
88 51 67 111
25 167 107 141
25 33 107 59
21 37 106 142
19 161 106 58
103 133 89 134
16 42 104 56
15 157 103 145
15 43 102 146
14 156 102 54
14 44 101 53
131 149 113 36
12 46 97 145
11 153 96 144
8 150 96 56
66 108 163 140
1 143 95 57
0 142 94 142
199 142 94 58
197 144 93 59
28 63 166 192
195 54 91 139
49 128 159 166
193 52 90 62
194 80 26 85
10 93 169 36
191 150 86 134
190 151 86 66
11 10 62 68
198 43 175 16
185 44 84 68
73 61 112 170
182 41 83 69
181 160 82 70
174 128 76 160
177 164 80 72
151 150 119 64
176 165 79 73
59 108 134 117
175 34 77 125
174 167 75 77
148 52 20 169
173 32 72 120
171 170 72 80
34 144 157 10
170 171 71 81
170 29 70 118
168 173 70 82
167 26 69 117
165 24 68 116
164 177 68 84
163 178 67 115
158 183 66 114
19 40 7 107
111 113 12 73
154 13 63 111
56 24 142 59
152 11 60 108
147 194 59 107
145 4 58 106
143 198 58 94
141 0 57 105
59 0 57 95
57 2 56 104
140 115 65 154
54 195 54 102
51 192 53 101
70 31 60 158
49 10 149 100
45 14 147 98
134 138 21 133
30 44 41 15
40 19 145 96
39 180 144 95
161 197 137 171
37 49 74 158
101 197 7 81
36 23 141 108
35 176 140 109
77 159 182 104
32 173 137 112
31 28 136 87
30 29 135 114
27 168 135 86
26 167 134 115
22 37 134 85
21 162 133 116
20 161 133 84
19 40 131 118
18 159 131 82
18 41 130 119
30 172 196 110
14 155 129 80
13 46 128 121
12 47 128 79
11 152 126 77
164 123 54 106
9 150 124 125
115 14 163 185
7 148 122 73
7 52 120 129
5 146 120 71
4 145 119 130
14 82 189 135
34 64 155 152
1 142 116 67
0 141 115 134
0 59 115 66
199 141 114 65
199 59 113 136
198 58 113 64
118 134 172 62
194 146 111 138
129 27 20 93
10 79 113 159
190 50 109 140
94 121 169 94
187 47 108 59
186 46 107 142
65 183 76 45
53 35 138 78
182 42 105 144
179 39 105 56
178 162 104 55
1 197 175 0
176 36 102 147
172 168 102 53
171 31 101 148
66 76 26 34
169 171 100 149
168 28 100 51
80 95 132 73
162 178 98 53
161 21 96 145
160 180 96 55
160 20 94 57
159 181 93 142
64 116 162 133
158 182 92 59
30 65 143 30
156 184 90 139
156 16 90 61
155 15 89 138
28 56 153 139
153 13 87 136
152 188 87 64
150 10 86 135
34 122 142 44
147 7 84 133
146 194 84 67
175 84 171 150
145 195 82 131
153 20 70 106
150 185 181 74
74 187 51 120
188 94 5 107
60 0 78 127
190 150 145 39
36 36 194 124
56 4 75 124
54 194 75 76
53 7 74 123
14 141 100 13
49 189 72 79
49 11 71 120
48 188 71 80
47 13 69 118
157 83 126 25
44 16 68 117
146 32 23 47
185 142 107 156
41 181 67 84
41 19 66 115
37 177 66 85
37 23 65 114
32 172 64 87
32 28 63 112
88 167 163 112
31 29 60 91
49 89 25 74
88 9 7 86
16 0 65 169
26 34 57 106
25 35 57 94
24 36 56 105
23 37 56 95
22 162 55 96
21 161 54 103
19 159 52 99
19 41 51 100
2 55 135 192
94 137 14 153
15 155 148 98
15 45 147 97
14 46 146 96
190 90 107 137
11 49 145 95
12 182 78 64
8 148 144 94
134 44 30 139
4 56 143 93
12 179 185 104
0 140 141 109
196 57 140 110
195 56 140 90
194 145 139 111
57 59 151 78
192 53 137 113
191 148 137 87
189 150 136 114
187 152 135 115
186 47 135 85
183 44 134 116
182 157 134 84
181 42 133 83
75 52 113 27
178 39 131 119
177 162 131 81
177 38 130 80
176 163 129 79
175 36 128 122
173 34 128 78
195 108 88 124
171 32 125 125
113 31 104 173
169 30 123 73
168 29 121 129
132 124 96 60
166 173 120 130
116 169 199 104
162 177 119 131
162 23 119 69
16 0 177 138
14 100 122 157
160 21 117 67
126 152 30 97
155 16 115 135
72 158 151 86
153 14 113 137
152 13 112 62
151 188 111 61
151 12 110 140
150 11 110 60
148 9 109 141
147 8 109 59
93 185 9 94
145 6 108 58
142 197 107 143
125 40 182 102
141 198 106 56
140 1 104 146
139 0 104 54
58 197 103 147
184 174 97 141
146 168 11 63
55 6 102 52
54 193 101 51
53 8 100 50
51 190 99 149
48 187 99 51
96 140 199 78
45 184 98 52
45 16 97 147
20 191 23 76
164 188 164 160
43 182 95 145
43 18 95 55
153 180 157 165
42 19 93 57
41 180 92 58
41 20 90 140
39 178 90 60
37 176 89 139
139 140 60 23
35 26 88 62
34 27 85 65
31 30 83 133
29 32 82 132
34 52 129 90
199 186 157 133
24 37 79 129
23 38 78 128
22 161 78 72
122 197 28 72
159 138 53 168
19 42 76 126
18 157 75 125
108 168 99 58
15 46 74 124
164 133 63 131
14 47 72 122
88 63 139 141
12 49 71 121
95 81 121 195
9 52 70 80
7 146 69 81
6 55 68 118
5 144 68 82
5 56 67 117
4 57 67 83
3 58 66 116
2 59 66 84
1 60 65 115
181 53 63 162
78 130 6 120
193 55 64 86
192 54 62 88
65 160 77 182
190 52 60 90
189 51 59 109
168 121 87 48
36 60 128 33
183 155 57 107
183 45 57 93
182 156 56 106
182 44 56 94
179 159 55 95
177 39 54 104
0 101 52 47
14 72 169 109
141 99 83 56
41 142 145 114
168 170 149 102
135 101 95 115
167 29 148 103
166 28 147 96
165 173 146 105
164 26 145 106
163 175 145 94
141 33 151 126
160 22 144 93
159 21 142 91
158 180 141 90
156 182 139 112
137 160 100 112
155 183 137 86
178 180 47 146
154 16 134 83
150 188 133 118
149 11 133 82
148 190 132 119
151 8 84 197
146 192 130 121
127 148 94 42
144 6 129 78
143 195 128 77
142 4 127 76
141 197 126 125
141 3 126 75
139 199 125 126
38 97 45 6
138 0 124 73
62 0 123 72
61 1 122 129
60 198 122 71
59 197 121 70
58 196 120 131
28 15 115 44
57 5 118 67
55 193 117 134
55 7 116 135
54 8 115 136
166 115 143 144
52 190 112 139
123 106 130 144
82 151 149 128
49 13 109 142
109 199 99 59
26 176 33 105
44 182 104 53
44 18 103 148
69 189 31 46
43 19 102 149
41 179 102 51
40 178 100 49
40 22 99 50
39 177 98 51
39 23 97 148
38 176 96 147
37 175 96 53
36 26 95 146
144 21 116 171
32 30 94 55
96 44 111 146
28 34 92 57
21 159 136 88
25 163 91 58
24 38 90 141
23 161 90 59
21 159 89 60
18 156 87 138
17 45 86 137
16 46 86 63
15 47 85 136
14 152 85 64
12 50 84 135
11 149 83 134
11 51 82 133
98 48 125 89
9 53 80 69
7 145 78 129
5 143 78 71
4 142 77 128
4 58 76 127
119 166 37 147
1 61 75 126
145 21 5 94
193 160 10 140
197 140 71 122
195 142 69 120
194 57 69 80
193 56 67 118
192 145 66 117
192 55 66 83
191 146 65 116
191 54 65 84
188 149 64 115
59 149 163 4
187 150 63 114
186 151 63 86
123 28 169 86
180 157 61 112
180 43 61 88
179 42 60 111
177 160 60 89
140 173 89 188
173 164 58 91
68 9 95 161
172 165 57 92
170 33 56 93
197 36 60 152
168 31 54 95
167 170 53 104
7 77 183 12
161 121 59 124
166 29 52 97
163 26 51 102
162 175 151 101
161 176 150 98
12 159 18 171
159 22 148 96
158 179 147 105
157 180 147 95
157 20 145 93
18 133 171 48
156 19 144 92
154 17 143 91
153 16 142 90
152 185 141 111
162 184 65 119
148 189 139 113
147 10 139 87
145 8 136 116
143 194 136 84
143 6 135 117
111 33 4 192
142 5 134 82
140 197 133 81
167 132 88 48
139 2 131 121
138 199 130 122
137 0 129 77
62 199 128 124
61 198 128 76
176 78 57 117
58 5 126 126
146 145 22 34
87 41 175 184
77 75 127 102
55 8 123 71
51 12 122 130
94 167 123 180
139 170 120 158
46 183 120 132
45 182 120 68
142 161 105 81
43 20 118 66
41 178 117 135
41 22 117 65
40 23 116 64
77 102 158 185
105 199 150 47
38 25 113 61
37 26 112 140
171 54 110 31
35 28 109 143
70 168 58 31
34 29 108 144
31 168 107 145
31 32 107 55
30 167 106 54
98 156 47 107
31 10 187 18
17 7 37 2
26 163 101 151
26 37 101 49
25 38 100 48
24 39 99 49
23 40 98 150
160 68 116 198
19 156 97 149
148 161 94 38
18 45 96 148
17 46 96 52
16 153 95 147
76 76 13 74
20 71 84 196
12 149 93 55
62 174 114 13
133 61 139 160
6 143 89 141
5 142 89 59
106 76 73 98
199 137 88 60
161 135 78 173
197 61 87 61
194 58 86 138
193 143 85 137
192 56 84 64
49 84 122 29
190 146 81 67
189 53 80 68
185 101 26 11
188 52 78 70
187 51 77 129
25 74 133 178
182 96 82 26
182 154 75 127
181 155 74 126
178 158 73 125
177 159 73 75
177 41 72 124
125 193 16 145
77 122 121 14
174 38 70 122
166 76 164 167
171 35 69 79
186 109 71 157
121 27 124 179
169 33 67 81
139 198 71 161
166 170 66 82
164 172 63 115
161 175 63 85
161 25 62 114
160 176 61 87
57 11 166 151
97 35 28 56
163 5 132 123
96 180 58 115
167 159 39 56
75 198 16 66
153 17 54 94
152 16 53 105
151 185 52 104
150 14 51 103
149 13 50 98
148 12 49 101
147 189 48 100
147 11 153 100
146 190 152 101
145 191 152 99
143 7 151 102
142 194 150 103
141 195 150 97
141 5 149 96
44 47 180 156
133 197 176 57
138 198 146 107
62 198 146 93
11 68 147 164
57 7 145 92
56 192 143 90
56 8 142 111
197 107 87 145
54 10 141 112
51 187 141 88
50 186 139 86
49 185 138 115
49 15 138 85
48 184 137 116
47 17 137 84
46 182 136 83
45 181 135 82
45 19 134 119
44 20 134 81
43 179 132 121
42 178 130 123
63 50 111 38
59 11 49 130
41 23 128 125
19 72 151 85
95 21 61 104
142 177 105 25
36 28 125 128
123 11 153 43
34 170 124 71
34 30 122 69
31 167 121 132
30 166 121 68
29 35 120 133
28 36 120 67
38 35 146 147
26 38 117 136
22 158 115 62
21 157 113 140
21 43 113 60
20 44 112 141
19 155 111 142
14 50 111 58
13 51 110 143
24 153 154 87
8 56 108 145
6 142 108 55
5 141 107 146
5 59 107 54
4 140 106 53
180 1 199 137
111 4 109 99
2 62 102 151
1 137 102 49
0 136 101 48
0 64 100 153
199 136 100 47
55 112 133 29
197 62 97 150
196 139 96 149
64 187 131 96
195 140 95 148
195 60 94 147
192 143 94 53
192 57 93 146
191 144 92 145
189 54 92 55
85 50 46 152
187 148 90 57
187 52 89 142
56 155 137 67
184 151 88 59
183 152 87 140
182 47 86 139
16 93 134 137
148 179 138 115
176 159 85 62
175 160 83 136
6 106 143 99
174 161 81 134
173 162 81 66
173 38 80 67
172 37 79 68
112 112 115 7
170 165 78 69
167 168 77 130
155 2 4 193
165 30 75 128
162 27 75 72
161 26 74 127
178 93 188 13
103 197 111 69
11 73 108 44
11 68 54 135
154 181 71 76
154 19 69 122
150 185 68 121
149 186 68 79
148 187 66 119
136 11 43 96
144 191 64 117
103 0 102 25
67 197 42 36
140 5 61 114
140 23 130 180
137 198 60 87
135 0 59 88
64 199 58 111
64 1 57 110
62 197 56 91
60 195 55 108
60 5 53 94
59 194 52 105
57 192 51 104
57 8 51 96
56 191 50 103
54 189 48 101
194 176 175 157
51 14 152 102
72 14 65 67
164 164 91 96
45 180 146 108
44 179 145 91
43 22 144 110
42 23 143 111
41 24 143 89
40 99 143 199
198 162 4 95
39 26 137 117
36 171 137 83
106 198 119 87
35 170 135 119
35 30 134 80
34 169 133 121
33 168 132 122
33 32 130 76
181 106 85 82
28 163 128 126
28 37 128 74
25 160 127 73
23 158 126 128
23 42 125 129
22 43 125 71
21 156 123 131
20 155 123 69
16 151 122 132
90 71 80 132
128 55 191 142
122 158 169 60
9 56 120 66
8 143 119 135
24 143 75 99
23 20 154 126
47 106 190 89
4 61 116 138
115 172 190 161
3 62 115 61
1 136 114 140
0 65 113 141
199 135 113 59
88 41 27 127
198 136 111 57
51 33 153 57
70 27 132 178
196 138 108 146
195 61 108 54
194 60 106 148
163 88 104 85
192 142 105 149
192 58 104 150
162 152 125 173
189 55 103 151
176 46 63 102
185 51 102 48
183 151 101 47
14 79 115 94
181 108 17 124
42 131 9 40
23 126 118 160
179 45 97 151
178 156 95 51
176 42 94 148
163 185 29 137
150 31 161 149
172 38 92 146
171 163 92 54
170 164 91 55
169 165 90 144
15 19 109 10
168 34 89 143
167 167 89 57
167 33 88 142
166 32 88 58
164 170 87 141
164 30 86 140
90 164 111 158
8 64 171 134
161 173 84 62
161 27 83 63
160 174 82 136
94 143 62 88
156 22 79 67
84 96 121 99
153 19 78 68
91 44 34 170
152 18 77 69
151 183 76 70
151 17 74 128
179 56 50 172
148 14 72 126
147 13 72 74
170 150 170 72
144 10 70 124
198 41 13 160
138 196 69 77
115 108 96 129
137 3 68 78
101 90 72 156
66 0 65 119
155 84 110 194
64 2 63 117
63 197 63 83
61 5 62 116
70 123 114 192
57 191 60 86
119 41 132 161
55 11 58 112
54 188 58 88
53 187 57 89
49 137 55 62
51 185 55 109
146 157 185 26
50 16 53 107
101 178 68 128
125 138 62 57
48 182 50 96
47 181 49 103
45 179 49 97
89 70 31 162
43 23 47 99
42 24 154 101
41 175 153 98
40 26 152 97
166 42 105 141
35 31 149 94
96 9 18 114
31 35 147 108
157 21 44 143
176 58 59 148
28 162 145 90
26 160 144 111
147 178 116 24
20 154 141 114
20 46 139 84
144 1 14 172
21 99 89 160
16 50 136 81
142 62 174 139
121 185 73 56
12 54 131 124
11 145 130 75
11 55 129 74
10 144 128 73
10 56 127 72
9 143 126 129
7 59 126 71
6 140 124 131
177 118 114 6
5 61 123 132
3 63 123 68
1 135 122 67
50 113 159 36
0 134 120 65
158 105 199 111
195 62 117 138
88 83 160 63
191 142 116 139
188 145 116 61
188 55 115 140
157 140 35 101
147 47 121 168
185 52 113 142
93 185 108 34
85 20 146 109
156 29 162 18
179 46 110 55
178 155 108 147
25 80 186 132
93 145 19 104
176 157 107 52
176 43 106 149
174 159 105 150
173 160 104 151
169 164 104 49
167 110 102 151
199 123 192 173
197 164 144 37
167 34 101 154
137 165 143 102
129 147 45 87
163 170 100 45
163 30 98 153
160 173 97 152
74 76 123 185
159 26 96 151
158 25 96 49
154 179 94 149
154 21 93 52
153 180 92 53
84 23 54 131
152 181 91 54
42 61 92 72
149 184 89 144
20 142 113 51
148 185 88 143
147 14 88 57
156 42 75 41
144 11 87 58
142 191 85 140
141 192 85 60
139 6 84 139
138 195 83 138
137 196 81 64
137 4 79 134
113 32 172 183
133 0 77 68
67 0 76 69
66 199 74 129
66 1 74 71
65 2 73 72
63 196 71 126
58 9 69 76
156 153 34 137
57 10 67 78
32 118 12 8
52 185 66 79
51 16 65 120
50 183 65 80
50 17 64 119
49 182 64 81
29 111 174 108
72 108 59 148
78 15 182 116
24 63 130 51
75 52 196 111
122 177 54 169
43 176 58 87
42 25 57 112
2 186 191 77
123 177 14 127
40 27 53 108
39 172 53 92
38 171 52 107
184 142 198 32
37 170 51 94
105 44 85 138
35 32 45 100
118 68 156 18
138 131 108 45
30 163 155 99
142 165 124 40
29 38 152 96
33 54 111 153
85 12 158 70
26 41 149 93
25 158 146 90
24 157 145 111
144 139 86 18
23 44 144 88
21 154 143 87
19 152 142 86
18 151 140 116
26 31 90 193
13 54 136 120
12 145 135 121
11 56 135 79
9 142 134 122
9 58 134 78
22 146 36 110
4 137 129 73
112 6 85 177
156 31 172 152
1 134 126 130
198 134 126 70
39 78 25 148
60 181 83 11
194 138 124 68
193 61 123 133
109 6 164 165
182 141 146 45
189 143 121 135
189 57 120 136
188 144 119 137
188 56 117 139
187 145 117 61
185 147 116 140
182 20 34 41
182 150 115 59
182 50 114 142
180 48 114 58
179 153 113 143
72 127 138 0
30 153 47 85
88 112 98 134
176 156 108 148
176 44 108 52
175 43 107 149
13 88 94 124
172 160 106 150
171 161 105 151
169 163 105 49
168 164 104 152
168 36 104 48
16 60 159 153
164 168 103 47
174 49 68 96
162 30 101 155
161 29 101 45
160 28 100 156
150 158 68 66
128 144 19 71
157 175 98 46
20 100 171 63
156 24 94 50
155 177 93 51
36 163 88 50
39 53 60 141
152 20 89 55
151 181 88 56
151 19 87 143
170 122 115 37
110 41 172 136
13 94 122 174
145 13 84 140
165 110 114 81
152 119 76 103
140 8 79 135
166 142 90 35
138 6 78 66
137 195 76 132
137 5 75 69
196 182 110 65
134 2 73 129
133 199 73 71
133 1 72 72
153 174 79 52
68 0 69 125
157 66 54 129
66 137 117 7
65 3 68 76
63 5 67 123
62 6 67 77
60 192 65 121
60 8 64 80
59 191 63 81
59 9 62 118
57 11 62 82
56 12 61 83
55 187 60 84
150 193 142 105
54 14 58 114
53 185 56 88
53 15 55 111
171 104 44 83
52 16 54 110
48 180 53 109
47 179 52 108
46 178 52 92
181 57 28 161
40 28 50 106
20 185 175 176
37 169 49 95
34 166 48 96
32 36 47 103
91 70 47 35
30 162 46 98
30 38 45 101
134 93 47 28
27 41 156 99
23 155 154 103
79 193 122 191
17 51 153 104
92 113 44 28
152 18 191 166
19 189 143 40
11 57 150 93
8 60 149 108
7 139 149 92
127 180 23 71
27 159 93 83
5 63 146 111
3 65 145 88
126 157 177 85
0 132 144 87
0 68 142 115
199 132 141 116
199 68 139 82
68 196 28 99
195 136 138 81
100 135 122 158
194 137 136 121
189 72 73 120
192 61 134 77
191 140 133 124
189 142 131 126
189 58 129 72
171 24 1 17
188 57 126 69
186 55 124 133
103 20 100 116
184 147 122 135
184 53 122 65
183 148 120 137
182 149 119 138
179 152 118 61
179 48 117 60
178 47 116 141
50 150 138 131
176 45 113 56
173 42 112 145
108 191 142 89
170 161 111 54
168 37 109 52
167 164 108 149
167 36 108 51
166 165 107 150
164 167 106 151
188 133 39 105
15 72 73 97
57 24 84 61
100 192 176 88
161 30 104 47
93 199 70 132
158 173 102 45
158 27 101 156
156 25 100 157
48 159 166 97
153 178 99 44
153 22 98 155
152 21 98 45
150 19 97 154
191 39 128 57
88 164 95 145
146 185 94 151
60 155 143 0
146 36 138 54
104 156 39 24
142 11 92 51
141 10 91 148
140 9 91 52
156 117 86 52
172 71 131 174
135 4 88 145
2 45 40 132
134 3 86 143
55 143 83 141
132 199 85 58
65 81 111 148
68 1 83 140
66 197 82 139
186 139 123 11
65 196 81 62
63 194 80 63
181 56 169 152
62 193 78 135
59 190 77 134
26 145 52 41
57 12 76 133
56 13 76 67
88 156 197 59
54 15 75 68
52 183 74 131
52 17 73 130
51 18 73 70
50 181 72 129
177 45 53 59
49 20 70 127
47 178 70 73
42 173 69 126
41 172 67 76
42 166 140 156
38 31 66 77
36 167 65 78
181 78 124 50
161 89 123 151
177 60 36 184
33 36 63 80
6 174 136 31
29 160 62 81
65 64 142 161
129 194 81 94
27 42 60 117
24 45 60 83
22 153 59 116
22 47 59 84
105 122 171 91
159 135 150 70
13 144 54 89
13 56 53 110
12 57 53 90
186 92 5 112
8 139 51 108
7 138 51 92
7 62 50 107
171 88 25 68
63 125 127 7
4 135 46 103
134 27 52 173
3 134 157 101
2 133 157 99
26 125 186 106
1 68 156 98
199 69 155 97
198 68 153 105
53 144 87 92
66 91 136 66
171 49 71 181
139 46 43 6
147 124 197 54
46 144 135 27
192 62 148 90
118 20 160 70
189 59 146 112
188 142 146 88
187 143 145 113
189 63 139 192
83 144 39 0
183 147 142 116
183 53 142 84
180 50 141 117
179 151 141 83
178 152 140 118
177 47 140 82
176 46 139 119
175 155 138 120
11 142 78 66
52 98 129 69
171 159 137 79
169 161 136 78
138 173 76 87
135 155 72 103
166 164 134 76
157 110 19 14
170 118 126 29
169 167 8 18
160 30 129 129
159 171 129 71
2 9 92 95
67 44 133 112
158 28 127 69
108 187 157 122
157 27 126 68
155 175 125 133
155 25 125 67
154 176 124 134
154 24 124 66
153 23 123 135
149 19 123 65
0 97 147 157
146 184 120 62
143 187 119 139
68 155 48 127
140 190 118 60
13 42 22 187
137 7 117 59
136 194 116 142
135 5 116 58
26 46 62 102
117 148 77 1
131 1 112 146
130 0 112 54
68 2 110 148
67 197 110 52
67 3 109 149
107 22 117 90
190 129 168 189
63 7 106 48
13 3 4 59
61 191 103 155
60 190 102 156
52 96 167 49
26 162 81 160
57 13 99 157
56 186 99 43
138 21 63 154
55 15 96 154
26 160 67 179
26 87 107 86
145 135 136 74
52 18 92 50
5 176 108 177
48 65 99 59
47 23 89 147
198 168 134 75
43 173 87 55
43 27 85 143
42 172 85 57
42 28 84 142
89 81 151 59
170 49 138 9
99 60 128 117
38 32 81 139
31 53 174 87
35 165 80 138
150 68 83 46
172 129 141 184
33 163 78 64
33 37 77 135
199 83 56 55
42 120 50 41
30 40 75 133
28 158 75 67
77 190 66 167
26 156 73 131
142 33 14 121
191 175 60 14
19 149 69 73
17 147 68 74
17 53 67 125
159 100 178 148
14 56 64 78
13 143 63 121
12 58 63 79
87 95 88 24
9 61 61 119
1 3 146 34
7 137 60 118
