50 993
0 55
4 -85 12 30 48 49
6 -66 5 8 21 34 38 49
6 -26 2 10 18 20 29 43
3 70 6 10 11
3 -15 24 30 37
4 15 11 16 27 32
1 -56 11
4 -93 10 28 41 43
1 -48 41
1 99 29
1 77 4
5 -14 10 28 33 34 43
2 40 3 46
2 50 28 49
5 -22 1 16 17 23 34
1 85 44
6 55 4 8 15 26 43 48
3 -96 8 29 30
5 -56 9 19 23 33 45
2 -7 17 30
1 -42 35
6 -78 3 15 16 29 31 47
4 -1 5 6 29 43
4 34 20 23 43 46
1 61 15
5 16 9 15 16 21 40
4 -5 15 28 32 34
4 74 13 24 37 42
3 -100 7 24 44
5 67 13 21 25 27 30
5 41 15 19 25 40 43
5 10 2 10 13 14 42
5 60 13 30 31 40 43
3 38 29 31 39
4 11 16 17 25 27
1 45 20
4 72 1 3 8 40
6 51 2 8 21 24 27 50
6 -83 26 33 34 38 42 47
3 -63 15 24 47
2 8 31 39
3 -41 12 26 35
4 49 5 23 35 36
2 4 17 21
3 11 1 33 45
2 -97 1 31
3 -46 17 39 46
4 26 17 26 37 39
3 99 1 32 41
2 -50 38 39
2 -65 7 23
2 20 18 23
6 -34 3 9 12 13 17 19
6 -49 17 19 22 25 37 42
5 45 13 18 24 29 30
4 100 9 23 29 37
4 55 5 6 13 29
2 29 17 40
4 19 3 36 39 42
4 15 6 13 29 45
4 -8 9 33 34 44
4 51 8 26 32 42
5 47 10 24 33 45 47
5 -45 1 2 6 23 33
4 46 6 20 28 30
6 -74 11 22 26 32 33 37
6 -23 2 7 8 12 43 50
1 82 12
6 69 12 17 21 32 46 47
2 93 29 43
6 60 14 19 20 37 38 44
3 90 12 48 50
6 -79 3 23 30 34 48 50
6 92 15 25 33 37 48 50
4 15 5 17 22 29
5 48 17 24 26 40 44
2 -29 2 29
6 35 14 18 23 26 32 39
2 92 27 46
3 87 20 40 41
2 -21 9 19
3 -51 16 18 21
6 70 4 5 8 10 16 18
4 47 8 12 33 45
2 12 14 23
5 -71 20 21 28 43 49
4 -32 9 24 32 41
2 -30 10 44
4 90 9 12 16 23
5 -91 18 31 33 40 45
3 -89 27 31 44
5 -74 11 14 15 18 38
3 -91 9 20 48
5 96 16 25 31 41 48
3 68 3 17 29
4 -29 20 25 30 45
4 32 25 26 37 47
5 61 10 15 17 32 35
6 24 8 9 17 22 24 49
1 55 21
3 34 35 36 49
5 98 2 13 24 43 48
3 97 12 20 45
6 -19 1 3 22 25 35 48
5 45 9 13 19 36 45
3 51 1 44 46
4 78 12 14 38 41
2 49 36 42
4 -8 5 6 12 45
2 -81 21 27
1 -74 34
4 -97 1 5 13 50
5 72 12 30 45 48 50
3 -100 30 33 38
1 57 46
2 14 7 46
5 62 6 9 13 25 46
4 -60 8 17 39 43
1 -29 5
5 35 14 15 18 30 31
3 -69 2 31 47
4 47 13 30 40 42
2 -47 21 44
6 -22 3 10 18 29 33 39
3 -96 19 25 35
4 -15 10 24 28 47
2 82 17 27
2 1 37 42
3 -45 5 29 31
6 -100 5 11 26 33 39 48
5 63 14 18 42 46 50
1 -48 38
5 -34 7 20 21 34 36
1 39 42
4 63 33 43 44 50
3 -64 31 35 40
1 -80 31
5 26 14 19 20 25 39
4 46 3 20 21 41
5 69 1 4 5 19 44
1 20 28
2 45 1 25
2 15 31 41
1 41 1
2 40 34 39
5 -40 6 13 18 28 49
5 -52 15 23 32 34 46
6 3 9 13 21 42 48 50
2 61 34 37
5 -23 9 20 29 34 41
3 -79 18 40 43
2 90 6 10
5 79 3 4 9 16 20
2 -69 23 25
2 33 32 45
3 -47 8 34 49
1 -86 22
4 23 4 22 42 43
3 -32 6 37 41
5 -80 5 27 39 47 48
6 -84 10 13 24 28 35 37
2 -69 40 41
5 21 11 21 26 31 47
2 84 2 28
1 -58 17
2 43 18 28
5 -36 19 30 36 37 44
3 -95 6 20 50
3 -87 20 21 45
2 -98 7 40
1 10 6
5 -27 28 32 35 37 39
5 67 10 27 44 48 49
1 -25 36
3 12 15 44 45
3 -10 15 24 29
6 -46 3 7 9 11 20 40
5 64 11 36 38 42 48
3 99 6 30 47
3 70 19 39 46
2 86 7 32
5 5 15 28 30 42 50
3 10 14 18 24
3 10 12 17 48
6 63 4 6 17 24 34 35
6 17 9 22 33 35 41 43
6 69 17 22 28 33 38 48
1 100 43
3 -86 3 10 13
4 -4 21 34 39 47
3 53 21 29 44
3 67 22 24 45
5 -6 3 9 11 37 39
2 -91 14 41
4 -82 5 6 18 36
3 92 14 29 37
2 -86 26 32
4 54 5 11 21 30
4 27 28 38 46 47
5 31 25 30 35 36 44
3 79 32 36 41
6 25 1 7 16 24 25 37
3 17 24 39 45
2 92 14 37
4 -99 6 16 18 23
6 73 9 13 20 22 31 38
6 99 6 8 16 26 29 31
2 47 12 17
6 94 1 18 33 34 46 49
5 94 4 13 17 34 37
4 -26 13 15 35 50
6 45 3 19 23 36 39 42
2 36 9 14
5 -78 16 32 38 43 50
1 -72 27
5 43 6 15 17 39 41
4 -40 11 12 26 48
4 86 10 32 40 43
3 42 7 14 38
5 65 14 26 33 43 47
2 -98 22 32
2 74 20 33
5 8 29 30 34 41 43
4 -67 2 24 25 39
4 -93 8 20 30 41
4 -20 9 19 20 31
6 11 4 10 15 16 18 34
2 -64 9 28
3 1 3 20 30
3 48 25 29 40
4 -50 2 8 9 23
3 49 11 24 47
5 81 22 24 35 39 41
3 100 1 11 36
5 23 7 23 32 36 38
2 -30 20 47
5 -12 3 9 12 26 47
3 -76 26 28 32
1 84 26
6 78 15 30 31 38 43 46
6 -6 25 26 27 30 40 42
6 -95 4 14 28 31 35 50
3 -87 16 36 37
2 99 37 49
2 -36 35 46
5 11 8 20 33 37 46
3 -23 2 4 18
2 63 24 26
4 47 19 20 34 35
2 -49 1 17
4 74 4 16 20 24
4 -76 21 38 39 46
1 -6 16
3 33 1 3 9
6 89 4 19 38 39 42 49
2 79 21 24
2 -89 21 36
2 43 22 37
1 -60 45
2 -17 27 39
3 -51 12 27 38
5 -53 1 8 32 33 42
3 -60 23 29 49
2 -59 21 23
6 -68 16 19 30 33 44 49
1 -61 50
5 -46 13 28 34 35 49
4 8 7 12 30 43
2 9 36 38
3 -51 17 29 37
4 90 3 23 31 42
6 -39 7 15 22 26 49 50
4 -22 14 22 37 50
6 -73 4 9 15 17 38 49
3 -36 29 43 45
1 -3 32
3 16 6 15 50
3 -75 19 23 30
5 -77 5 6 7 12 15
6 31 11 12 26 40 43 50
5 79 2 4 20 47 50
2 -83 8 17
5 -19 11 16 27 34 39
5 -82 2 19 24 40 48
5 25 8 28 29 40 44
3 -88 8 9 16
2 -38 2 27
2 -5 18 30
1 -71 10
2 38 26 27
2 -95 37 50
3 -56 14 19 25
3 -45 1 36 48
4 -51 3 8 9 23
4 69 19 23 35 48
1 -47 33
6 -79 1 4 13 25 41 44
5 -73 13 28 40 45 46
3 -78 1 15 35
2 -85 4 21
6 -63 9 14 21 32 34 42
3 -45 19 32 38
4 -16 10 21 47 49
5 -23 5 11 14 21 37
5 11 2 32 39 45 50
5 -64 8 25 39 40 45
6 87 21 24 25 26 47 48
4 -94 1 13 26 44
6 78 1 12 21 27 28 48
4 52 4 12 37 43
5 8 15 16 17 24 32
4 29 11 16 26 50
6 -8 5 9 11 16 36 39
4 -27 14 26 30 44
2 -48 10 15
2 45 26 33
5 40 11 15 21 35 47
4 17 17 27 40 44
2 -45 2 12
5 96 20 29 39 47 48
2 68 8 14
3 57 1 2 47
4 65 9 14 43 45
6 43 9 12 29 30 34 44
5 90 10 20 26 31 35
5 62 11 18 35 39 44
2 84 11 46
3 92 3 34 41
5 44 3 8 21 38 40
3 18 6 24 28
6 -91 8 9 14 20 22 28
6 -32 26 27 33 40 44 50
2 -36 14 34
6 42 10 28 30 39 48 50
6 27 8 23 27 30 37 44
3 81 9 43 48
6 22 6 10 17 19 26 50
2 -67 22 34
3 53 7 13 39
5 -4 4 17 31 42 50
5 48 19 20 24 42 47
5 61 13 26 42 43 49
2 28 6 33
6 -77 1 8 27 45 49 50
2 -81 39 48
4 77 6 7 25 26
3 31 4 16 44
3 63 35 48 50
5 -15 6 22 33 34 35
4 -9 11 13 23 38
6 91 7 13 24 31 35 46
5 92 4 8 12 16 40
5 -74 23 27 34 36 42
6 -58 1 13 14 27 30 47
5 -1 3 5 7 15 26
6 -8 1 16 21 26 28 46
3 21 2 15 27
4 -67 13 17 20 43
3 48 5 12 32
6 -7 4 10 34 38 43 48
4 12 4 11 14 24
3 -45 19 42 44
5 -49 2 29 31 37 45
5 37 12 19 40 42 44
6 -49 5 9 18 19 20 23
3 -14 15 30 50
3 -16 13 17 24
6 100 4 8 16 21 37 39
6 -17 10 27 38 39 44 47
1 -97 23
3 -18 30 42 45
5 -100 8 19 27 32 40
3 7 21 34 41
2 76 5 32
3 76 36 37 46
3 78 5 15 41
3 86 3 12 48
5 -34 3 9 12 23 33
6 -51 1 10 18 24 43 48
1 41 3
5 88 16 20 37 40 41
5 -41 3 10 24 28 29
2 -18 19 47
5 52 2 9 13 31 41
6 -98 7 12 21 37 41 49
4 23 34 38 39 40
6 -66 4 8 10 12 21 29
5 -26 8 13 24 40 49
2 71 9 42
2 -89 17 19
3 -98 11 27 44
2 75 6 38
5 32 20 30 34 37 47
2 34 1 45
2 -20 30 50
2 -58 9 44
5 3 4 7 32 44 45
5 -86 2 19 28 40 43
4 52 2 5 13 39
3 -24 4 36 46
5 -61 16 21 31 34 49
1 -77 7
4 10 1 5 21 46
6 68 1 8 10 18 23 43
1 -84 47
5 41 5 12 13 15 25
5 -1 1 19 21 24 39
2 -16 17 28
6 -58 6 9 11 18 24 38
6 -47 10 13 30 34 35 38
2 87 6 18
2 -26 19 28
2 -96 2 22
3 -51 6 13 34
5 39 4 13 34 38 40
5 97 9 23 34 40 48
5 -89 3 16 18 42 45
4 44 1 19 22 27
4 94 4 18 24 33
5 -81 6 25 26 28 46
5 43 2 13 22 24 32
4 -65 2 13 16 40
4 56 18 26 35 40
6 31 5 18 31 39 44 45
2 76 13 46
3 100 11 14 35
5 -61 9 13 30 34 41
2 45 14 43
2 -71 38 41
5 -53 32 36 39 48 50
2 3 30 45
4 -37 2 11 33 36
2 18 4 19
6 1 7 14 16 20 36 41
4 -83 5 30 32 35
3 2 9 42 46
1 16 48
1 -49 9
6 -70 34 35 38 40 41 44
4 76 12 37 46 48
5 -19 29 30 35 38 47
6 6 4 5 15 16 32 42
2 -82 9 45
4 -55 7 41 47 48
6 41 6 8 18 30 42 44
5 23 12 34 35 48 50
6 33 11 12 14 23 35 39
4 60 13 16 22 31
6 98 12 13 16 20 26 36
2 86 15 35
3 -74 24 25 33
6 -61 1 3 4 10 16 45
6 5 1 3 4 22 28 38
6 73 2 28 32 35 38 40
6 -74 4 6 17 33 43 50
3 74 6 15 41
6 -3 15 22 32 44 47 48
5 78 3 7 25 39 50
4 30 24 34 40 41
2 82 22 29
1 5 2
4 1 13 14 18 22
6 -12 19 23 26 37 40 42
4 -100 9 22 33 47
6 70 6 13 14 32 45 49
6 68 14 22 27 38 45 46
5 72 18 20 32 33 38
5 53 6 21 35 40 43
2 -92 8 30
3 -17 17 25 34
5 -29 9 20 23 29 36
1 74 49
5 27 21 23 27 32 41
6 -39 13 20 25 31 46 47
2 -39 43 50
4 83 26 28 31 43
5 -44 3 19 23 24 35
6 -57 1 2 7 36 38 44
5 76 24 25 26 28 39
1 -38 18
4 55 17 41 43 44
5 -22 4 23 25 38 40
6 -30 7 13 14 21 29 44
5 11 12 18 36 43 47
5 70 23 43 45 47 49
6 -33 15 18 24 28 34 41
5 11 2 21 27 31 47
4 -45 1 26 31 44
6 39 5 8 12 28 38 47
4 -96 1 33 34 48
6 -66 12 25 33 42 45 46
2 52 14 16
4 22 1 15 29 30
3 33 1 34 50
2 60 33 41
1 -69 37
4 -37 2 4 14 33
5 11 14 15 17 32 43
4 -51 5 7 12 15
4 23 16 27 31 40
2 -80 12 32
5 59 5 10 13 24 45
4 -12 3 14 15 17
4 -96 21 24 27 34
6 37 8 14 15 24 37 49
6 -75 6 13 27 30 32 43
2 54 10 37
6 9 21 34 37 43 45 46
5 56 1 41 44 47 50
6 -86 7 9 18 23 33 49
2 -57 18 24
2 -45 21 31
3 -26 7 18 45
2 -22 12 21
4 35 6 20 26 31
3 -70 25 34 45
6 -51 1 10 13 22 27 36
2 44 4 17
4 -11 6 10 25 32
6 23 8 9 11 20 21 36
3 -3 3 4 7
2 -100 9 40
2 92 19 35
2 -25 23 24
1 82 40
2 24 23 32
2 77 42 49
3 -46 12 19 45
5 22 9 20 24 40 42
5 29 5 13 20 32 39
6 -36 3 6 15 16 31 47
6 -14 10 13 16 37 38 44
3 90 20 25 28
5 -17 5 7 17 20 43
2 74 29 36
4 98 29 39 44 47
5 16 3 18 24 31 40
2 83 13 23
4 40 11 21 22 23
4 -39 2 26 32 50
5 -32 3 17 42 44 47
4 63 2 5 24 30
2 -43 5 45
5 78 3 4 6 44 48
5 -71 11 18 25 39 45
3 -40 18 43 48
3 -32 27 30 43
4 37 1 8 13 36
2 43 30 48
1 66 25
5 -84 2 5 6 27 50
6 -16 1 3 5 21 34 46
6 29 7 13 15 17 25 26
4 -30 4 12 18 32
2 20 17 38
5 66 11 25 31 39 44
6 -23 4 28 31 33 36 43
5 -25 3 18 22 24 34
6 -18 1 5 26 27 35 45
2 57 16 44
3 -88 4 35 50
2 -39 16 26
3 -81 12 29 50
6 -40 3 12 27 29 36 46
6 -79 7 14 23 30 37 41
2 46 30 39
3 17 7 10 24
3 2 7 13 45
6 -80 2 11 16 19 37 47
2 -74 18 45
3 -75 5 13 34
6 -19 2 3 15 20 29 34
3 -5 2 5 44
3 -44 10 13 36
3 15 21 39 44
3 48 20 30 39
1 29 8
3 -67 9 34 38
5 -18 17 18 35 37 46
2 27 12 19
2 35 20 25
5 93 11 18 25 46 47
3 -63 16 19 48
2 89 21 41
4 66 14 19 30 40
2 22 10 20
5 -38 2 6 9 22 35
3 2 4 5 40
3 20 16 29 48
3 -60 16 33 45
5 56 4 26 35 38 42
6 74 2 9 27 34 37 43
3 12 19 41 45
6 -47 4 14 22 25 37 46
5 84 4 6 14 35 50
5 -62 1 7 30 36 46
2 14 41 43
4 34 4 8 13 39
6 69 12 27 32 40 46 47
6 -20 5 8 9 13 32 40
1 75 39
1 48 19
5 -75 3 9 32 38 47
6 -45 3 7 13 36 41 44
6 55 1 13 33 39 41 49
6 67 11 18 21 24 36 44
3 -88 9 25 45
2 -17 4 45
4 2 2 9 41 43
6 -42 10 16 22 29 34 46
6 90 5 21 24 34 36 50
5 25 8 9 14 33 34
5 -53 12 17 23 27 30
5 76 4 12 14 16 32
6 17 7 21 32 39 40 41
5 -64 14 30 32 37 48
6 -36 5 14 34 38 47 48
4 -4 1 20 36 47
4 -53 10 12 21 49
6 -12 2 4 8 26 47 50
6 -40 11 15 21 26 34 46
5 -65 5 8 18 30 46
5 98 27 39 41 46 50
5 45 5 13 23 27 40
5 -66 5 23 32 40 50
4 57 3 5 19 25
5 15 2 5 10 38 48
6 -9 3 5 19 23 44 46
4 -3 5 24 48 49
2 21 23 34
2 -80 36 43
3 96 2 14 21
3 -81 8 46 48
2 38 8 21
5 -10 11 19 25 47 48
2 -20 2 37
3 64 4 23 45
5 -80 1 23 42 43 49
5 34 7 25 26 44 49
2 42 26 40
6 7 2 6 27 40 44 46
3 -95 4 10 12
5 67 2 6 21 24 28
6 -23 12 16 27 28 31 41
3 34 9 28 44
3 60 28 43 44
6 29 11 15 16 36 46 50
4 2 8 23 36 42
4 61 3 8 15 34
4 72 15 24 27 31
4 62 8 18 32 43
4 -28 3 4 24 35
5 -38 6 33 39 41 43
4 -5 6 7 14 46
5 -86 10 19 28 45 48
5 -11 1 16 29 36 46
5 45 14 17 20 33 50
5 -56 18 29 30 33 35
6 77 5 6 28 31 32 47
5 42 1 10 24 31 44
6 44 6 18 22 25 32 43
3 -90 5 12 21
6 -29 11 15 17 24 39 41
6 -33 7 9 32 37 39 44
4 -30 18 21 26 34
3 -32 3 14 16
6 -24 10 14 29 37 42 47
2 -53 6 8
6 -77 11 20 25 35 40 47
5 -69 16 20 44 45 49
6 -82 2 5 7 24 41 47
5 -79 1 10 24 25 34
2 -11 33 50
4 -96 7 15 23 30
4 33 8 9 28 36
4 -48 1 7 34 36
4 95 6 8 20 24
6 -17 3 7 24 30 40 49
2 -92 33 37
2 -91 8 46
4 -23 5 11 30 41
6 100 6 15 18 22 23 29
5 86 23 37 39 41 48
4 -98 5 17 36 45
6 -9 17 32 40 46 47 49
5 -30 8 15 25 43 46
3 -42 23 44 48
5 86 3 22 31 36 50
5 92 3 9 18 25 43
6 -90 12 24 29 30 31 41
4 14 1 9 31 46
5 91 1 10 11 26 27
5 -66 3 9 21 31 42
2 -5 26 28
1 17 30
5 -97 7 14 27 38 44
5 -84 4 20 31 37 42
1 13 13
5 16 5 17 19 23 42
3 7 4 15 50
6 19 6 15 19 28 46 50
3 70 15 18 33
5 -85 10 17 21 34 40
6 -66 10 16 26 32 44 49
2 12 10 31
1 95 14
6 23 6 15 24 31 44 45
4 100 15 18 29 31
5 28 11 24 35 42 48
5 -75 10 20 34 39 48
6 -28 15 33 35 36 38 47
5 -68 8 13 17 29 34
5 -80 3 4 16 37 43
4 57 1 25 32 45
2 -13 25 44
6 14 23 31 33 36 38 45
5 97 13 25 26 27 38
4 -35 8 14 25 45
4 -26 7 9 16 46
6 -38 4 7 10 25 28 46
6 4 6 21 24 37 38 50
5 -13 14 23 27 31 39
4 46 4 13 14 30
2 99 2 6
5 19 1 20 28 29 39
6 13 8 18 21 30 31 44
3 4 13 16 33
4 89 16 30 46 50
2 -32 38 49
3 91 15 16 17
3 -69 24 26 42
3 -62 9 28 43
4 45 6 26 27 30
4 -1 1 15 17 31
2 8 31 45
3 -65 9 47 48
2 83 44 48
3 56 1 13 34
2 80 9 46
2 31 16 32
3 -73 9 44 50
6 -75 6 17 38 45 47 48
6 68 16 30 36 37 38 45
5 63 15 19 21 22 44
6 73 2 16 17 22 27 34
5 -25 8 15 38 43 45
6 -83 3 7 26 32 35 48
4 12 1 3 16 39
6 21 9 11 16 26 28 42
6 22 2 9 21 31 41 47
6 -94 1 3 6 13 20 45
4 13 6 9 33 40
6 -93 6 10 21 25 42 48
3 -7 7 16 30
3 -39 2 20 43
5 -23 2 9 18 43 49
5 93 1 15 35 37 38
5 -74 10 28 37 38 47
5 -67 14 19 26 30 40
2 50 3 41
5 -23 11 20 22 26 48
2 -31 15 27
6 100 3 8 13 16 21 50
5 -1 8 14 19 29 47
3 -42 6 12 31
4 -72 22 25 30 32
4 37 14 16 29 37
3 58 23 31 42
5 91 13 20 27 35 50
4 -67 7 9 10 23
6 -50 7 9 18 22 25 36
5 -86 4 15 40 44 50
5 27 14 23 45 48 49
6 69 14 24 28 30 38 41
3 -36 3 18 30
3 -29 5 31 50
2 65 24 34
6 27 4 14 20 29 33 36
4 89 13 16 18 44
3 73 11 20 43
6 -46 3 29 33 42 47 50
4 3 19 38 48 50
4 -3 15 27 32 34
6 79 5 10 27 34 40 47
3 -27 15 19 48
2 -56 2 50
3 -9 2 14 26
4 -76 1 3 13 21
3 -96 6 22 42
5 36 4 6 20 21 42
2 -50 30 43
3 38 12 27 37
3 -74 7 28 38
3 -50 19 28 47
6 89 3 4 20 35 38 43
5 18 7 9 10 24 35
4 -67 4 15 27 37
2 89 12 23
4 -98 17 34 39 41
6 19 5 9 19 29 44 45
2 75 9 18
6 -40 5 16 25 28 33 36
5 -11 3 4 8 11 28
5 -83 1 7 17 20 48
6 -79 8 12 24 29 39 48
5 -46 8 10 22 25 28
5 -46 9 12 16 28 43
5 -100 8 21 30 37 42
5 12 12 19 32 37 42
2 57 22 46
6 -61 11 13 31 36 37 39
6 93 18 19 28 44 45 50
3 54 3 14 50
4 -56 22 38 40 46
4 17 37 41 43 47
2 -45 17 34
5 -95 3 26 28 31 46
3 -22 9 16 19
2 -92 6 14
5 70 1 2 22 23 33
5 97 17 21 22 43 46
5 80 13 14 21 23 24
4 71 2 39 43 50
2 86 2 5
6 -14 9 16 18 32 38 39
4 -76 1 4 8 50
2 63 27 37
3 -38 7 18 40
6 69 6 9 15 30 41 44
5 -14 7 18 19 29 37
4 96 8 33 42 49
5 -94 6 9 16 32 48
5 -49 8 26 30 34 50
6 -30 2 11 33 40 47 50
6 2 12 15 19 33 35 45
5 74 8 10 11 34 42
6 90 9 20 32 34 38 48
4 -86 12 27 31 37
5 -9 3 4 8 15 25
2 -94 30 38
6 68 4 12 15 19 20 45
2 95 2 32
5 9 1 20 22 34 44
2 86 15 23
2 -46 7 49
6 -49 4 11 22 28 41 42
2 -90 15 21
6 86 3 12 33 37 39 48
4 -98 24 32 42 46
2 -56 15 44
5 45 5 7 9 12 36
3 81 1 2 41
6 7 6 27 37 42 47 49
5 8 14 30 37 44 45
5 66 1 19 20 37 47
2 84 2 19
6 -23 3 18 24 30 34 49
4 15 1 21 36 48
6 35 3 23 26 27 31 47
2 50 40 47
3 68 1 25 30
5 72 18 19 20 29 48
5 65 14 17 23 43 46
5 28 6 22 24 32 38
2 -99 24 30
6 -68 2 25 27 34 37 41
5 -99 2 8 28 42 50
5 -95 2 11 25 30 45
2 63 1 23
6 -39 3 13 17 25 30 41
5 81 3 4 22 33 39
2 41 3 17
2 -88 35 36
4 82 9 27 40 44
4 -85 20 27 29 31
6 5 8 14 16 33 43 50
6 84 1 22 33 46 47 50
6 90 12 26 29 31 32 43
2 -29 26 46
2 41 9 38
5 -71 4 7 8 20 39
4 80 12 28 36 38
4 -87 2 8 15 18
2 -10 29 30
6 97 1 12 18 22 28 48
4 55 8 13 29 40
4 -33 13 31 34 36
3 -75 9 18 45
6 39 4 6 19 23 32 45
4 50 22 47 48 50
2 -7 6 36
5 99 11 16 22 42 46
5 89 4 5 23 24 47
6 74 4 8 22 31 34 50
3 -73 31 42 45
5 78 1 7 9 26 41
3 29 17 27 32
6 51 7 13 23 25 26 45
3 -13 11 24 37
3 7 18 19 42
4 32 1 10 14 38
2 -14 5 15
3 12 2 8 22
3 -96 6 28 39
3 79 8 12 50
5 -17 11 16 24 26 42
2 -33 24 45
3 95 2 12 37
5 -12 18 36 41 43 44
6 -91 2 8 16 30 33 41
5 -44 1 4 16 17 22
6 40 2 5 7 26 40 45
6 87 7 10 27 31 34 46
6 76 1 4 26 30 40 44
6 26 6 7 15 17 21 33
4 100 2 9 41 49
3 82 31 32 46
3 48 25 26 47
5 -76 1 22 32 44 47
5 30 2 18 36 41 44
5 -82 4 10 16 40 50
6 -81 17 19 24 27 37 43
5 -37 2 5 29 35 40
6 9 2 9 25 29 34 39
5 30 15 19 23 29 37
6 23 5 9 33 36 44 50
3 65 9 19 42
2 -88 8 35
4 17 6 21 28 41
2 -25 14 47
5 -61 13 15 17 31 48
4 -95 11 13 28 44
3 -47 8 27 31
5 38 6 13 17 41 48
6 -43 9 11 32 40 45 47
4 -35 8 21 32 48
6 -33 2 7 16 17 33 47
2 -39 10 25
3 -100 16 29 46
4 -80 9 30 37 50
4 33 9 17 24 35
4 -47 1 12 24 48
3 -95 26 29 36
6 63 6 9 29 39 40 50
6 50 1 15 17 20 40 41
3 49 18 35 41
5 19 7 21 36 41 48
2 1 24 32
5 79 6 7 36 41 47
4 84 7 8 21 47
3 -91 22 25 46
5 55 5 22 30 34 37
6 -21 8 11 25 26 30 50
5 93 5 25 37 48 50
4 84 1 31 42 44
6 68 12 23 27 35 37 38
2 -94 7 44
4 53 6 10 14 38
3 23 29 38 44
3 -9 1 22 48
3 31 5 11 39
3 6 25 31 36
5 96 6 8 14 22 24
5 95 4 5 16 34 47
2 -69 12 15
6 98 1 3 10 23 40 41
5 15 9 13 28 34 40
4 -49 2 4 31 32
2 -50 13 31
3 16 21 28 50
4 -61 19 20 26 45
3 -79 2 7 24
1 5 24
6 -60 5 12 24 29 43 47
2 45 15 33
3 85 5 11 22
3 46 25 33 46
2 -23 12 13
4 -31 16 31 36 47
6 95 4 6 8 31 35 40
5 -73 14 39 44 46 48
2 -55 8 32
4 -54 15 23 30 34
5 8 12 17 26 46 49
5 91 11 12 25 48 49
3 15 27 41 47
4 -72 4 14 24 50
5 -72 5 11 23 36 41
6 -20 11 21 28 32 35 41
2 -11 22 24
5 2 4 5 9 27 32
5 83 10 17 32 47 49
