200
234 6
341 333
197 12
456 202
458 492
69 111
235 166
349 271
343 472
163 11
450 336
289 388
385 16
53 381
435 293
14 415
176 4
43 8
487 168
172 343
169 36
269 364
281 484
122 403
466 141
175 142
421 320
103 312
265 71
301 31
304 92
250 404
205 218
194 270
490 112
454 363
56 356
375 269
177 452
121 265
341 359
488 242
396 450
432 306
30 442
20 319
155 201
96 64
218 30
399 218
285 81
410 82
350 306
155 475
171 312
418 349
470 256
341 2
487 234
475 363
198 250
30 464
311 9
227 211
289 499
63 104
323 463
202 456
277 335
218 443
380 341
383 177
372 103
117 373
412 427
465 444
90 368
29 486
463 9
232 364
35 155
247 134
385 301
397 74
184 344
61 470
258 260
225 116
206 29
99 134
253 99
181 193
103 164
387 232
362 457
405 143
320 150
105 374
169 157
138 25
424 209
117 169
20 363
287 360
387 133
500 133
155 109
0 404
358 102
410 252
198 429
187 86
95 180
200 57
146 244
402 329
279 259
237 447
312 449
299 339
255 242
209 215
234 274
474 498
303 216
81 265
304 176
30 86
375 118
378 397
476 331
185 407
29 73
62 468
171 285
126 148
391 295
76 21
192 149
166 7
308 185
356 470
225 32
409 313
387 380
442 116
491 424
472 142
9 464
407 161
209 165
71 343
170 105
468 402
475 480
486 238
499 471
208 223
483 7
18 169
100 356
249 93
276 185
102 349
223 84
2 477
154 352
175 385
208 201
98 35
145 309
377 140
2 117
201 361
420 169
444 243
447 55
242 353
373 28
45 309
282 322
140 72
403 202
429 85
3 22
16 115
377 363
427 398
227 76
54 207
118 326
88 356
94 130
434 322
225 325
27 444
67 435
80 202
178 425
146 286

