56
12
9
162
160
138
51
52
154
103
146
182
98
97
192
126
169
60
118
163
5
190
40
23
186
53
129
134
20
171
33
44
46
31
153
147
28
17
6
58
75
18
81
173
77
39
133
114
195
197
30
112
107
67
120
66
130
128
106
84
93
113
125
137
168
3
74
110
35
145
193
72
99
108
101
15
177
61
79
10
34
90
143
69
179
165
167
150
43
183
2
71
0
127
45
86
88
95
119
25
191
89
76
63
144
38
7
164
184
188
172
16
157
100
91
104
55
198
42
155
158
41
11
36
180
59
140
47
170
161
80
13
92
196
122
8
14
176
87
27
181
57
124
187
149
152
68
174
32
26
131
115
166
82
123
1
24
70
73
159
142
78
49
111
83
139
189
48
116
141
109
117
148
54
64
156
22
151
185
121
102
135
62
105
29
65
50
132
199
136
4
37
178
175
194
85
21
96
19
94
