13.020980
106.348054
127.699135
139.383276
95.756249
247.751495
70.693438
225.000000
289.000000
90.848960
45.217027
98.028087
21.485626
116.000000
85.314937
16.423697
19.682211
70.316425
242.000000
228.432745
105.090182
110.616044
166.191252
17.862536
16.613094
120.719380
62.662822
21.834759
83.000000
22.012739
17.376623
150.000000
18.722987
186.000000
16.779080
166.191252
16.359594
30.000000
126.000000
21.400121
106.382983
64.160084
238.000000
123.025591
116.305296
13.522624
189.311246
50.558634
16.470545
19.285181
101.013876
195.000000
19.640599
116.655654
71.249017
145.594127
108.115481
62.899842
135.000000
178.000000
105.093177
147.633764
181.152129
117.363696
70.848784
187.000000
17.320400
72.175319
120.719380
103.011494
137.340851
185.604691
128.311362
131.235463
62.501527
20.596998
34.637125
142.449794
126.000000
101.312188
111.270752
18.252054
24.097965
147.633764
106.000000
141.405827
18.028489
128.210002
61.248141
125.000000
10.168752
118.060522
16.483132
87.580221
19.598429
81.739193
110.080922
11.621867
17.651833
202.855250
18.851771
18.343977
17.436087
11.389164
88.000000
185.000000
65.592540
136.000000
85.407869
82.291377
17.582294
18.097973
150.000000
67.000000
19.998710
116.000000
150.000000
100.550380
59.261457
83.000000
68.000000
128.392876
137.340851
17.752486
160.369938
85.069350
94.278078
99.868847
97.486791
106.856171
180.839215
293.000000
83.218956
38.000000
91.307936
113.566315
86.092911
23.886706
140.000000
19.779212
45.854781
189.506354
159.980565
132.600748
77.550472
16.470855
112.533316
134.545420
97.000000
252.433720
86.925188
93.511355
132.482080
70.559594
77.000000
21.357176
170.642742
133.251783
33.819531
129.350943
178.000000
124.000000
124.869446
14.142136
53.000000
260.000000
103.458251
63.623733
13.281078
168.000000
70.445371
57.006663
100.011924
65.642247
19.957262
109.417913
18.391854
10.491732
104.364762
85.069350
15.962543
126.447567
245.615834
81.000000
107.542680
102.000000
110.330186
88.644093
83.307897
281.000000
103.000000
93.000000
212.000000
138.000000
132.000000
80.075489
43.917525
86.929589
198.222948
166.191252
147.968050
19.225164
105.877805
17.067435
33.819531
104.025681
154.000000
37.223493
17.647190
88.000000
20.348748
64.200955
65.000000
160.366171
33.819531
111.655867
200.771360
116.000000
160.369938
80.136516
113.709693
17.703068
116.000000
26.905821
150.000000
131.562261
87.596082
20.000000
108.330355
12.000000
7.206814
83.307897
105.338343
92.648615
134.887455
18.674211
77.664151
141.789356
131.124082
242.000000
120.181398
99.501260
77.375791
11.144300
102.998499
16.000000
150.289007
195.978772
211.000000
90.896114
16.823145
21.469964
77.000000
130.000000
19.644019
139.000000
114.251431
149.000000
104.892939
138.848223
32.260848
20.055217
114.238604
102.000000
49.432734
17.479703
148.000000
160.661375
95.918568
16.202087
173.000000
18.780569
67.000000
210.000000
134.726029
136.976755
62.418347
20.162801
100.550380
20.674945
126.000000
13.078002
77.070721
75.000000
86.414493
19.071020
114.556060
57.006663
106.816601
13.801120
65.079830
102.582458
186.154314
168.000000
99.143725
132.059346
99.286130
81.688063
82.504264
83.084431
84.000000
106.016253
222.000000
168.000000
123.330236
21.322365
61.000000
21.074610
110.811006
116.942078
73.457963
62.418347
166.903414
160.366171
118.060522
184.904551
103.356195
106.000000
117.881337
111.415853
127.098816
138.945070
20.432245
187.000000
247.000000
10.650425
187.522920
86.000000
156.840610
17.675360
17.768058
68.000000
177.967510
115.928135
19.132953
18.216830
4.000000
113.000000
145.042591
245.615834
132.600748
89.606168
97.000000
17.320508
83.539544
152.000000
17.855657
18.802827
122.075850
61.464804
119.205080
50.165736
97.868177
101.312188
18.879658
135.000000
20.564245
71.249017
21.503306
137.000000
132.000000
16.984261
61.000000
17.810410
69.511067
106.401347
105.419070
17.533370
18.253820
17.471810
119.508207
87.648113
22.624562
114.683513
17.363391
143.000000
64.929725
227.000000
105.440821
120.444978
11.528832
94.554334
109.248010
74.940201
120.800767
110.475326
93.923823
86.404593
17.320508
141.742050
144.000000
93.956289
129.081612
101.835016
113.441239
132.467296
110.134937
269.000000
64.704566
88.165070
114.038968
19.208784
86.404593
11.306520
65.000000
143.000000
96.199331
18.395525
72.225180
24.480517
126.842319
89.615090
98.325939
124.869446
45.922951
74.937214
112.481713
35.870404
86.963971
50.310218
112.626064
1.000000
144.934051
124.273087
72.489260
54.370377
217.000000
87.999929
111.248439
116.000000
18.818388
45.735653
172.961793
89.264562
67.000000
94.187909
